"Status","Start Time","Stop Time","Duration in ms","Parent Suite","Suite","Sub Suite","Test Class","Test Method","Name","Description"
"passed","Mon Sep 01 03:56:35 GMT 2025","Mon Sep 01 03:56:36 GMT 2025","288","","integration.tests.StatementTest","","integration.tests.StatementTest","mixedCaseSelect","mixedCaseSelect(String, String) [2] select 1 as ""lower"", 2 as ""UPPER"", 3 AS ""MiXeD"", lower,UPPER,MiXeD",""
"passed","Mon Sep 01 03:54:58 GMT 2025","Mon Sep 01 03:54:58 GMT 2025","49","","integration.tests.DatabaseMetaDataTest","","integration.tests.DatabaseMetaDataTest","shouldReturnColumns","shouldReturnColumns()",""
"passed","Mon Sep 01 03:55:37 GMT 2025","Mon Sep 01 03:55:37 GMT 2025","39","","integration.tests.SpecialValuesTest","","integration.tests.SpecialValuesTest","nanRealSystemEngine","nanRealSystemEngine(String) [2] select '+nan'::real",""
"passed","Mon Sep 01 03:56:49 GMT 2025","Mon Sep 01 03:56:50 GMT 2025","444","","integration.tests.SystemEngineDatabaseMetaDataTest","","integration.tests.SystemEngineDatabaseMetaDataTest","getSchemasInformationSchema","getSchemasInformationSchema(String, String, String) [1] null, null, information_schema",""
"passed","Mon Sep 01 03:56:53 GMT 2025","Mon Sep 01 03:56:53 GMT 2025","53","","integration.tests.SystemEngineDatabaseMetaDataTest","","integration.tests.SystemEngineDatabaseMetaDataTest","getColumns","getColumns(String, String, String, String, String, String) [14] null, %schema, %in%, null, information_schema.engines.engine_name, information_schema.tables.table_name",""
"passed","Mon Sep 01 03:54:03 GMT 2025","Mon Sep 01 03:54:24 GMT 2025","21257","","integration.tests.CachedConnectionTest","","integration.tests.CachedConnectionTest","createTwoConnections","createTwoConnections()",""
"passed","Mon Sep 01 03:56:51 GMT 2025","Mon Sep 01 03:56:51 GMT 2025","45","","integration.tests.SystemEngineDatabaseMetaDataTest","","integration.tests.SystemEngineDatabaseMetaDataTest","getTables","getTables(String, String, String, String, String, String) [16] {database}, null, %in%, null, engines, tables",""
"passed","Mon Sep 01 04:02:45 GMT 2025","Mon Sep 01 04:02:45 GMT 2025","34","","integration.tests.SystemEngineTest","","integration.tests.SystemEngineTest","shouldSelect1","shouldSelect1()",""
"passed","Mon Sep 01 03:56:52 GMT 2025","Mon Sep 01 03:56:52 GMT 2025","87","","integration.tests.SystemEngineDatabaseMetaDataTest","","integration.tests.SystemEngineDatabaseMetaDataTest","getColumns","getColumns(String, String, String, String, String, String) [5] null, %form%, null, null, information_schema.columns.column_name, null",""
"passed","Mon Sep 01 03:55:21 GMT 2025","Mon Sep 01 03:55:21 GMT 2025","565","","integration.tests.PreparedStatementTest","","integration.tests.PreparedStatementTest","canUseTimestampParameterWithSqlType","canUseTimestampParameterWithSqlType()",""
"passed","Mon Sep 01 03:55:32 GMT 2025","Mon Sep 01 03:55:32 GMT 2025","475","","integration.tests.PreparedStatementTest","","integration.tests.PreparedStatementTest","shouldInsertRecordsUsingDifferentNumericTypes","shouldInsertRecordsUsingDifferentNumericTypes(String, CheckedVoidTriFunction, CheckedBiFunction) getObject(Long.class)",""
"passed","Mon Sep 01 04:08:53 GMT 2025","Mon Sep 01 04:08:53 GMT 2025","352","","integration.tests.TimestampTest","","integration.tests.TimestampTest","shouldRemoveOffsetDIffWhenTimestampOffsetHasChanged","shouldRemoveOffsetDIffWhenTimestampOffsetHasChanged()",""
"passed","Mon Sep 01 03:56:16 GMT 2025","Mon Sep 01 03:56:16 GMT 2025","277","","integration.tests.StatementTest","","integration.tests.StatementTest","shouldThrowExceptionWhenExecutingWrongQuery","shouldThrowExceptionWhenExecutingWrongQuery()",""
"passed","Mon Sep 01 04:09:17 GMT 2025","Mon Sep 01 04:09:20 GMT 2025","2328","","integration.tests.datatype.BooleanTest","","integration.tests.datatype.BooleanTest","canUsePreparedStatementsToInsertFalseValueInBooleanColumn","canUsePreparedStatementsToInsertFalseValueInBooleanColumn()",""
"passed","Mon Sep 01 03:55:10 GMT 2025","Mon Sep 01 03:55:10 GMT 2025","268","","integration.tests.PreparedStatementFbNumericTest","","integration.tests.PreparedStatementFbNumericTest","shouldSetParametersWithRepeatingValues","shouldSetParametersWithRepeatingValues()",""
"passed","Mon Sep 01 03:56:53 GMT 2025","Mon Sep 01 03:56:53 GMT 2025","40","","integration.tests.SystemEngineDatabaseMetaDataTest","","integration.tests.SystemEngineDatabaseMetaDataTest","getColumns","getColumns(String, String, String, String, String, String) [22] null, information_schema, %in%, last_altered, information_schema.engines.last_altered, information_schema.engines.engine_name",""
"passed","Mon Sep 01 03:54:32 GMT 2025","Mon Sep 01 03:54:34 GMT 2025","1262","","integration.tests.ConnectionTest","","integration.tests.ConnectionTest","validatesOnSystemEngineIfParameterProvided","validatesOnSystemEngineIfParameterProvided()",""
"passed","Mon Sep 01 04:09:17 GMT 2025","Mon Sep 01 04:09:17 GMT 2025","28","","integration.tests.client.RetryPolicyTest","","integration.tests.client.RetryPolicyTest","shouldThrowExceptionOn400WithoutRetry","shouldThrowExceptionOn400WithoutRetry()",""
"passed","Mon Sep 01 03:56:50 GMT 2025","Mon Sep 01 03:56:50 GMT 2025","47","","integration.tests.SystemEngineDatabaseMetaDataTest","","integration.tests.SystemEngineDatabaseMetaDataTest","getTables","getTables(String, String, String, String, String, String) [5] null, %form%, null, null, tables, null",""
"passed","Mon Sep 01 04:09:04 GMT 2025","Mon Sep 01 04:09:07 GMT 2025","2758","","integration.tests.TransactionTest","","integration.tests.TransactionTest","shouldParallelTransactions","shouldParallelTransactions()",""
"passed","Mon Sep 01 03:56:46 GMT 2025","Mon Sep 01 03:56:46 GMT 2025","276","","integration.tests.StatementTest","","integration.tests.StatementTest","setWrongParameterOnSystemEngineOnUserEngine","setWrongParameterOnSystemEngineOnUserEngine()",""
"passed","Mon Sep 01 03:56:53 GMT 2025","Mon Sep 01 03:56:53 GMT 2025","42","","integration.tests.SystemEngineDatabaseMetaDataTest","","integration.tests.SystemEngineDatabaseMetaDataTest","getColumns","getColumns(String, String, String, String, String, String) [25] null, %form%, %in%, table_schema, information_schema.indexes.table_schema, information_schema.indexes.table_name",""
"passed","Mon Sep 01 03:55:17 GMT 2025","Mon Sep 01 03:55:17 GMT 2025","550","","integration.tests.PreparedStatementFbNumericTest","","integration.tests.PreparedStatementFbNumericTest","shouldInsertRecordsUsingDifferentNumericTypes","shouldInsertRecordsUsingDifferentNumericTypes(String, CheckedVoidTriFunction, CheckedBiFunction) long",""
"passed","Mon Sep 01 03:55:37 GMT 2025","Mon Sep 01 03:55:37 GMT 2025","36","","integration.tests.SpecialValuesTest","","integration.tests.SpecialValuesTest","minusInfFloatAsDoubleUserEngine","minusInfFloatAsDoubleUserEngine(String) [1] select '-inf'::float",""
"passed","Mon Sep 01 03:55:37 GMT 2025","Mon Sep 01 03:55:37 GMT 2025","37","","integration.tests.SpecialValuesTest","","integration.tests.SpecialValuesTest","nanRealUserEngine","nanRealUserEngine(String) [3] select '-nan'::real",""
"passed","Mon Sep 01 03:56:53 GMT 2025","Mon Sep 01 03:56:53 GMT 2025","54","","integration.tests.SystemEngineDatabaseMetaDataTest","","integration.tests.SystemEngineDatabaseMetaDataTest","getColumns","getColumns(String, String, String, String, String, String) [13] null, information%, %in%, null, information_schema.engines.engine_name, information_schema.tables.table_name",""
"passed","Mon Sep 01 03:54:57 GMT 2025","Mon Sep 01 03:54:58 GMT 2025","44","","integration.tests.DatabaseMetaDataTest","","integration.tests.DatabaseMetaDataTest","getTables","getTables(String, String, String, String, String, String) [5] null, null, null, VIEW, views;tables, integration_test",""
"passed","Mon Sep 01 03:56:47 GMT 2025","Mon Sep 01 03:56:47 GMT 2025","264","","integration.tests.StatementTest","","integration.tests.StatementTest","nullSortOrder","nullSortOrder()",""
"passed","Mon Sep 01 03:55:12 GMT 2025","Mon Sep 01 03:55:13 GMT 2025","560","","integration.tests.PreparedStatementFbNumericTest","","integration.tests.PreparedStatementFbNumericTest","shouldInsertAndSelectDateTime","shouldInsertAndSelectDateTime()",""
"passed","Mon Sep 01 03:56:24 GMT 2025","Mon Sep 01 03:56:34 GMT 2025","10474","","integration.tests.StatementTest","","integration.tests.StatementTest","canSetQueryLabelMultipleTimes","canSetQueryLabelMultipleTimes()",""
"passed","Mon Sep 01 03:56:50 GMT 2025","Mon Sep 01 03:56:50 GMT 2025","45","","integration.tests.SystemEngineDatabaseMetaDataTest","","integration.tests.SystemEngineDatabaseMetaDataTest","getTables","getTables(String, String, String, String, String, String) [1] null, null, null, null, tables, null",""
"passed","Mon Sep 01 03:56:47 GMT 2025","Mon Sep 01 03:56:48 GMT 2025","520","","integration.tests.StatementTest","","integration.tests.StatementTest","mixedCaseTable","mixedCaseTable(String, String, String, String) [1] CREATE FACT TABLE Case_Test (x long), case_test, Case_Test, case_test",""
"passed","Mon Sep 01 03:55:19 GMT 2025","Mon Sep 01 03:55:19 GMT 2025","287","","integration.tests.PreparedStatementFbNumericTest","","integration.tests.PreparedStatementFbNumericTest","shouldSetParametersWithRandomIndex","shouldSetParametersWithRandomIndex()",""
"passed","Mon Sep 01 03:55:37 GMT 2025","Mon Sep 01 03:55:37 GMT 2025","38","","integration.tests.SpecialValuesTest","","integration.tests.SpecialValuesTest","nanDoubleSystemEngine","nanDoubleSystemEngine(String) [1] select 'nan'::double",""
"passed","Mon Sep 01 03:56:53 GMT 2025","Mon Sep 01 03:56:54 GMT 2025","41","","integration.tests.SystemEngineDatabaseMetaDataTest","","integration.tests.SystemEngineDatabaseMetaDataTest","getColumns","getColumns(String, String, String, String, String, String) [29] {database}, %schema, %in%, region, information_schema.engines.region, information_schema.engines.status",""
"passed","Mon Sep 01 03:55:37 GMT 2025","Mon Sep 01 03:55:37 GMT 2025","36","","integration.tests.SpecialValuesTest","","integration.tests.SpecialValuesTest","minusInfDoubleUserEngine","minusInfDoubleUserEngine(String) [1] select '-inf'::double",""
"passed","Mon Sep 01 03:52:43 GMT 2025","Mon Sep 01 03:52:45 GMT 2025","2233","","integration.tests.AsyncQueryTest","","integration.tests.AsyncQueryTest","executeCancelServerSideAsyncQueryTest","executeCancelServerSideAsyncQueryTest()",""
"passed","Mon Sep 01 03:56:55 GMT 2025","Mon Sep 01 03:58:06 GMT 2025","71363","","integration.tests.SystemEngineTest","","integration.tests.SystemEngineTest","useEngineMixedCase","useEngineMixedCase()",""
"passed","Mon Sep 01 03:56:51 GMT 2025","Mon Sep 01 03:56:51 GMT 2025","42","","integration.tests.SystemEngineDatabaseMetaDataTest","","integration.tests.SystemEngineDatabaseMetaDataTest","getTables","getTables(String, String, String, String, String, String) [14] null, %schema, %in%, null, engines, tables",""
"passed","Mon Sep 01 03:56:54 GMT 2025","Mon Sep 01 03:56:54 GMT 2025","41","","integration.tests.SystemEngineDatabaseMetaDataTest","","integration.tests.SystemEngineDatabaseMetaDataTest","getColumns","getColumns(String, String, String, String, String, String) [34] wrong_catalog, %form%, %in%, type, null, information_schema.engines.type",""
"passed","Mon Sep 01 03:55:37 GMT 2025","Mon Sep 01 03:55:37 GMT 2025","37","","integration.tests.SpecialValuesTest","","integration.tests.SpecialValuesTest","minusInfRealSystemEngine","minusInfRealSystemEngine(String) [1] select '-inf'::real",""
"passed","Mon Sep 01 03:56:20 GMT 2025","Mon Sep 01 03:56:20 GMT 2025","262","","integration.tests.StatementTest","","integration.tests.StatementTest","empty","empty(String) query:     ;",""
"passed","Mon Sep 01 04:08:56 GMT 2025","Mon Sep 01 04:08:56 GMT 2025","40","","integration.tests.TimestampTest","","integration.tests.TimestampTest","shouldReturnTimestampFromTimestampntz","shouldReturnTimestampFromTimestampntz()",""
"passed","Mon Sep 01 03:55:07 GMT 2025","Mon Sep 01 03:55:08 GMT 2025","484","","integration.tests.PreparedStatementArrayTest","","integration.tests.PreparedStatementArrayTest","nullArrays","nullArrays(PreparedStatementValueSetter) set ARRAY",""
"passed","Mon Sep 01 03:56:17 GMT 2025","Mon Sep 01 03:56:18 GMT 2025","299","","integration.tests.StatementTest","","integration.tests.StatementTest","maxFieldSize","maxFieldSize(int) [2] 3",""
"passed","Mon Sep 01 03:54:58 GMT 2025","Mon Sep 01 03:54:58 GMT 2025","44","","integration.tests.DatabaseMetaDataTest","","integration.tests.DatabaseMetaDataTest","getTables","getTables(String, String, String, String, String, String) [15] null, information_schema, null, VIEW, tables;columns, null",""
"passed","Mon Sep 01 04:00:35 GMT 2025","Mon Sep 01 04:00:35 GMT 2025","366","","integration.tests.SystemEngineTest","","integration.tests.SystemEngineTest","shouldThrowExceptionWhenExecutingWrongQuery","shouldThrowExceptionWhenExecutingWrongQuery()",""
"passed","Mon Sep 01 03:56:20 GMT 2025","Mon Sep 01 03:56:21 GMT 2025","273","","integration.tests.StatementTest","","integration.tests.StatementTest","empty","empty(String) query:--;",""
"passed","Mon Sep 01 03:56:51 GMT 2025","Mon Sep 01 03:56:51 GMT 2025","44","","integration.tests.SystemEngineDatabaseMetaDataTest","","integration.tests.SystemEngineDatabaseMetaDataTest","getTables","getTables(String, String, String, String, String, String) [26] {database}, null, %in%, VIEW, engines, tables",""
"passed","Mon Sep 01 03:56:52 GMT 2025","Mon Sep 01 03:56:53 GMT 2025","81","","integration.tests.SystemEngineDatabaseMetaDataTest","","integration.tests.SystemEngineDatabaseMetaDataTest","getColumns","getColumns(String, String, String, String, String, String) [10] {database}, %form%, null, null, information_schema.columns.column_name, null",""
"passed","Mon Sep 01 03:56:53 GMT 2025","Mon Sep 01 03:56:53 GMT 2025","43","","integration.tests.SystemEngineDatabaseMetaDataTest","","integration.tests.SystemEngineDatabaseMetaDataTest","getColumns","getColumns(String, String, String, String, String, String) [23] null, information%, %in%, description, information_schema.engines.description, information_schema.engines.engine_name",""
"passed","Mon Sep 01 03:56:53 GMT 2025","Mon Sep 01 03:56:53 GMT 2025","40","","integration.tests.SystemEngineDatabaseMetaDataTest","","integration.tests.SystemEngineDatabaseMetaDataTest","getColumns","getColumns(String, String, String, String, String, String) [27] {database}, information_schema, %ac%, account_id, information_schema.accounts.account_id, information_schema.accounts.region",""
"passed","Mon Sep 01 03:56:50 GMT 2025","Mon Sep 01 03:56:50 GMT 2025","46","","integration.tests.SystemEngineDatabaseMetaDataTest","","integration.tests.SystemEngineDatabaseMetaDataTest","getSchemasInformationSchema","getSchemasInformationSchema(String, String, String) [8] {database}, information%, information_schema",""
"passed","Mon Sep 01 03:56:50 GMT 2025","Mon Sep 01 03:56:50 GMT 2025","44","","integration.tests.SystemEngineDatabaseMetaDataTest","","integration.tests.SystemEngineDatabaseMetaDataTest","getSchemasInformationSchema","getSchemasInformationSchema(String, String, String) [2] null, information_schema, information_schema",""
"passed","Mon Sep 01 03:56:49 GMT 2025","Mon Sep 01 03:56:49 GMT 2025","455","","integration.tests.StatementTest","","integration.tests.StatementTest","shouldReturnFalseWhenExecutingMultiStatementWithFirstStatementNotReturningAResultSet","shouldReturnFalseWhenExecutingMultiStatementWithFirstStatementNotReturningAResultSet()",""
"passed","Mon Sep 01 03:54:58 GMT 2025","Mon Sep 01 03:54:58 GMT 2025","4","","integration.tests.DatabaseMetaDataTest","","integration.tests.DatabaseMetaDataTest","getMetadata","getMetadata()",""
"passed","Mon Sep 01 03:56:51 GMT 2025","Mon Sep 01 03:56:51 GMT 2025","51","","integration.tests.SystemEngineDatabaseMetaDataTest","","integration.tests.SystemEngineDatabaseMetaDataTest","getTables","getTables(String, String, String, String, String, String) [10] {database}, %form%, null, null, tables, null",""
"passed","Mon Sep 01 03:55:08 GMT 2025","Mon Sep 01 03:55:09 GMT 2025","674","","integration.tests.PreparedStatementArrayTest","","integration.tests.PreparedStatementArrayTest","nullableBiDimensionalArray","nullableBiDimensionalArray()",""
"passed","Mon Sep 01 03:56:54 GMT 2025","Mon Sep 01 03:56:54 GMT 2025","41","","integration.tests.SystemEngineDatabaseMetaDataTest","","integration.tests.SystemEngineDatabaseMetaDataTest","getColumns","getColumns(String, String, String, String, String, String) [32] null, null, %in%, no-one, null, information_schema.columns.column_name",""
"passed","Mon Sep 01 04:08:54 GMT 2025","Mon Sep 01 04:08:54 GMT 2025","110","","integration.tests.TimestampTest","","integration.tests.TimestampTest","shouldReturnTimestampFromTimestamptzWithTime_zoneSettings","shouldReturnTimestampFromTimestamptzWithTime_zoneSettings()",""
"passed","Mon Sep 01 03:54:58 GMT 2025","Mon Sep 01 03:54:58 GMT 2025","43","","integration.tests.DatabaseMetaDataTest","","integration.tests.DatabaseMetaDataTest","getTables","getTables(String, String, String, String, String, String) [13] null, information_schema, null, TABLE, null, integration_test",""
"passed","Mon Sep 01 03:55:37 GMT 2025","Mon Sep 01 03:55:37 GMT 2025","36","","integration.tests.SpecialValuesTest","","integration.tests.SpecialValuesTest","infRealUserEngine","infRealUserEngine(String) [2] select '+inf'::real",""
"passed","Mon Sep 01 03:55:32 GMT 2025","Mon Sep 01 03:55:33 GMT 2025","478","","integration.tests.PreparedStatementTest","","integration.tests.PreparedStatementTest","shouldInsertRecordsUsingDifferentNumericTypes","shouldInsertRecordsUsingDifferentNumericTypes(String, CheckedVoidTriFunction, CheckedBiFunction) getObject(i, java.util.Map.of(""long"", Integer.class)",""
"passed","Mon Sep 01 03:55:37 GMT 2025","Mon Sep 01 03:55:37 GMT 2025","36","","integration.tests.SpecialValuesTest","","integration.tests.SpecialValuesTest","infRealUserEngine","infRealUserEngine(String) [1] select 'inf'::real",""
"passed","Mon Sep 01 04:01:45 GMT 2025","Mon Sep 01 04:02:45 GMT 2025","60367","","integration.tests.SystemEngineTest","","integration.tests.SystemEngineTest","shouldExecuteEngineManagementQueries","shouldExecuteEngineManagementQueries()",""
"passed","Mon Sep 01 03:55:37 GMT 2025","Mon Sep 01 03:55:37 GMT 2025","38","","integration.tests.SpecialValuesTest","","integration.tests.SpecialValuesTest","nanFloatAsDoubleSystemEngine","nanFloatAsDoubleSystemEngine(String) [2] select '+nan'::float",""
"passed","Mon Sep 01 03:54:58 GMT 2025","Mon Sep 01 03:54:58 GMT 2025","43","","integration.tests.DatabaseMetaDataTest","","integration.tests.DatabaseMetaDataTest","getTables","getTables(String, String, String, String, String, String) [9] null, information_schema, null, null, tables;columns, integration_test",""
"passed","Mon Sep 01 03:56:52 GMT 2025","Mon Sep 01 03:56:52 GMT 2025","84","","integration.tests.SystemEngineDatabaseMetaDataTest","","integration.tests.SystemEngineDatabaseMetaDataTest","getColumns","getColumns(String, String, String, String, String, String) [3] null, information%, null, null, information_schema.columns.column_name, null",""
"passed","Mon Sep 01 03:56:16 GMT 2025","Mon Sep 01 03:56:16 GMT 2025","325","","integration.tests.StatementTest","","integration.tests.StatementTest","failedSettingPropertyThatRequiresAdvancedModeThatWasUnset","failedSettingPropertyThatRequiresAdvancedModeThatWasUnset()",""
"passed","Mon Sep 01 04:09:02 GMT 2025","Mon Sep 01 04:09:03 GMT 2025","819","","integration.tests.TransactionTest","","integration.tests.TransactionTest","shouldNotCommitTransactionWhenConnectionClosesOnAutoCommitFalse","shouldNotCommitTransactionWhenConnectionClosesOnAutoCommitFalse()",""
"passed","Mon Sep 01 03:54:57 GMT 2025","Mon Sep 01 03:54:57 GMT 2025","42","","integration.tests.DatabaseMetaDataTest","","integration.tests.DatabaseMetaDataTest","getTables","getTables(String, String, String, String, String, String) [4] null, null, null, TABLE, integration_test, views;tables",""
"skipped","Mon Sep 01 03:55:35 GMT 2025","Mon Sep 01 03:55:35 GMT 2025","0","","integration.tests.PreparedStatementTest","","integration.tests.PreparedStatementTest","shouldFetchBooleanFromVariousObjects","shouldFetchBooleanFromVariousObjects(Object, Object)",""
"passed","Mon Sep 01 03:56:48 GMT 2025","Mon Sep 01 03:56:48 GMT 2025","555","","integration.tests.StatementTest","","integration.tests.StatementTest","mixedCaseTable","mixedCaseTable(String, String, String, String) [2] CREATE FACT TABLE ""Case_Test"" (x long), Case_Test, case_test, ""Case_Test""",""
"passed","Mon Sep 01 04:09:08 GMT 2025","Mon Sep 01 04:09:10 GMT 2025","2021","","integration.tests.TransactionTest","","integration.tests.TransactionTest","shouldRollbackTableCreationAndDataInsertion","shouldRollbackTableCreationAndDataInsertion()",""
"passed","Mon Sep 01 03:55:37 GMT 2025","Mon Sep 01 03:55:37 GMT 2025","36","","integration.tests.SpecialValuesTest","","integration.tests.SpecialValuesTest","nanFloatAsDoubleUserEngine","nanFloatAsDoubleUserEngine(String) [2] select '+nan'::float",""
"passed","Mon Sep 01 03:55:16 GMT 2025","Mon Sep 01 03:55:16 GMT 2025","495","","integration.tests.PreparedStatementFbNumericTest","","integration.tests.PreparedStatementFbNumericTest","shouldInsertRecordsUsingDifferentNumericTypes","shouldInsertRecordsUsingDifferentNumericTypes(String, CheckedVoidTriFunction, CheckedBiFunction) short",""
"passed","Mon Sep 01 03:55:25 GMT 2025","Mon Sep 01 03:55:26 GMT 2025","590","","integration.tests.PreparedStatementTest","","integration.tests.PreparedStatementTest","shouldFetchTimestampAndDate","shouldFetchTimestampAndDate(Object, Object, boolean) [1] 2019-07-31T11:15:13, 2019-07-31, true",""
"passed","Mon Sep 01 03:55:36 GMT 2025","Mon Sep 01 03:55:36 GMT 2025","614","","integration.tests.PreparedStatementTest","","integration.tests.PreparedStatementTest","shouldInsertAndSelectByteArray","shouldInsertAndSelectByteArray()",""
"passed","Mon Sep 01 03:55:37 GMT 2025","Mon Sep 01 03:55:38 GMT 2025","38","","integration.tests.SpecialValuesTest","","integration.tests.SpecialValuesTest","nanDoubleSystemEngine","nanDoubleSystemEngine(String) [3] select '-nan'::double",""
"passed","Mon Sep 01 03:55:36 GMT 2025","Mon Sep 01 03:55:36 GMT 2025","43","","integration.tests.SpecialValuesTest","","integration.tests.SpecialValuesTest","infFloatAsDoubleSystemEngine","infFloatAsDoubleSystemEngine(String) [1] select 'inf'::float",""
"passed","Mon Sep 01 03:55:37 GMT 2025","Mon Sep 01 03:55:37 GMT 2025","36","","integration.tests.SpecialValuesTest","","integration.tests.SpecialValuesTest","nanFloatAsDoubleUserEngine","nanFloatAsDoubleUserEngine(String) [1] select 'nan'::float",""
"passed","Mon Sep 01 04:09:17 GMT 2025","Mon Sep 01 04:09:17 GMT 2025","218","","integration.tests.client.TLSTest","","integration.tests.client.TLSTest","shouldUseTLS","shouldUseTLS()",""
"passed","Mon Sep 01 03:52:53 GMT 2025","Mon Sep 01 03:52:53 GMT 2025","190","","integration.tests.AsyncQueryTest","","integration.tests.AsyncQueryTest","executeCancelServerSideAsyncQueryWithNonExistentTokenTest","executeCancelServerSideAsyncQueryWithNonExistentTokenTest()",""
"passed","Mon Sep 01 03:56:51 GMT 2025","Mon Sep 01 03:56:51 GMT 2025","41","","integration.tests.SystemEngineDatabaseMetaDataTest","","integration.tests.SystemEngineDatabaseMetaDataTest","getTables","getTables(String, String, String, String, String, String) [23] null, information%, %in%, VIEW, engines, tables",""
"passed","Mon Sep 01 03:54:58 GMT 2025","Mon Sep 01 03:54:58 GMT 2025","46","","integration.tests.DatabaseMetaDataTest","","integration.tests.DatabaseMetaDataTest","getTables","getTables(String, String, String, String, String, String) [12] null, public, null, VIEW, null, tables;columns;views",""
"passed","Mon Sep 01 03:55:21 GMT 2025","Mon Sep 01 03:55:22 GMT 2025","644","","integration.tests.PreparedStatementTest","","integration.tests.PreparedStatementTest","shouldInsertAndRetrieveUrl","shouldInsertAndRetrieveUrl()",""
"passed","Mon Sep 01 03:56:49 GMT 2025","Mon Sep 01 03:56:49 GMT 2025","0","","integration.tests.SystemEngineDatabaseMetaDataTest","","integration.tests.SystemEngineDatabaseMetaDataTest","readOnly","readOnly()",""
"passed","Mon Sep 01 03:55:20 GMT 2025","Mon Sep 01 03:55:21 GMT 2025","474","","integration.tests.PreparedStatementTest","","integration.tests.PreparedStatementTest","shouldFailSQLInjectionAttempt","shouldFailSQLInjectionAttempt()",""
"passed","Mon Sep 01 03:54:57 GMT 2025","Mon Sep 01 03:54:57 GMT 2025","60","","integration.tests.DatabaseMetaDataTest","","integration.tests.DatabaseMetaDataTest","shouldReturnSchema","shouldReturnSchema()",""
"passed","Mon Sep 01 03:56:50 GMT 2025","Mon Sep 01 03:56:50 GMT 2025","56","","integration.tests.SystemEngineDatabaseMetaDataTest","","integration.tests.SystemEngineDatabaseMetaDataTest","getSchemasInformationSchema","getSchemasInformationSchema(String, String, String) [10] {database}, %form%, information_schema",""
"passed","Mon Sep 01 03:56:12 GMT 2025","Mon Sep 01 03:56:12 GMT 2025","343","","integration.tests.StatementTest","","integration.tests.StatementTest","unlimitedMaxFieldSize","unlimitedMaxFieldSize(int) [1] 0",""
"passed","Mon Sep 01 04:08:53 GMT 2025","Mon Sep 01 04:08:54 GMT 2025","112","","integration.tests.TimestampTest","","integration.tests.TimestampTest","shouldReturnTimestampFromTimestamptz","shouldReturnTimestampFromTimestamptz()",""
"passed","Mon Sep 01 03:55:37 GMT 2025","Mon Sep 01 03:55:37 GMT 2025","36","","integration.tests.SpecialValuesTest","","integration.tests.SpecialValuesTest","minusInfRealUserEngine","minusInfRealUserEngine(String) [1] select '-inf'::real",""
"passed","Mon Sep 01 03:55:27 GMT 2025","Mon Sep 01 03:55:27 GMT 2025","491","","integration.tests.PreparedStatementTest","","integration.tests.PreparedStatementTest","shouldFetchTimestampAndDate","shouldFetchTimestampAndDate(Object, Object, boolean) [3] 2019-07-31T11:15:13, 2019-07-31, false",""
"passed","Mon Sep 01 03:56:52 GMT 2025","Mon Sep 01 03:56:52 GMT 2025","83","","integration.tests.SystemEngineDatabaseMetaDataTest","","integration.tests.SystemEngineDatabaseMetaDataTest","getColumns","getColumns(String, String, String, String, String, String) [4] null, %schema, null, null, information_schema.columns.column_name, null",""
"passed","Mon Sep 01 04:09:14 GMT 2025","Mon Sep 01 04:09:16 GMT 2025","2101","","integration.tests.TransactionTest","","integration.tests.TransactionTest","shouldNotRollbackTransactionWhenRollbackWasManuallyExecuted","shouldNotRollbackTransactionWhenRollbackWasManuallyExecuted()",""
"passed","Mon Sep 01 03:54:34 GMT 2025","Mon Sep 01 03:54:35 GMT 2025","1225","","integration.tests.ConnectionTest","","integration.tests.ConnectionTest","networkPolicyBlockedServiceAccountThrowsError","networkPolicyBlockedServiceAccountThrowsError()",""
"passed","Mon Sep 01 03:56:50 GMT 2025","Mon Sep 01 03:56:50 GMT 2025","45","","integration.tests.SystemEngineDatabaseMetaDataTest","","integration.tests.SystemEngineDatabaseMetaDataTest","getSchemasInformationSchema","getSchemasInformationSchema(String, String, String) [7] {database}, information_schema, information_schema",""
"passed","Mon Sep 01 03:56:53 GMT 2025","Mon Sep 01 03:56:53 GMT 2025","54","","integration.tests.SystemEngineDatabaseMetaDataTest","","integration.tests.SystemEngineDatabaseMetaDataTest","getColumns","getColumns(String, String, String, String, String, String) [11] null, null, %in%, null, information_schema.engines.engine_name, information_schema.tables.table_name",""
"passed","Mon Sep 01 03:55:37 GMT 2025","Mon Sep 01 03:55:37 GMT 2025","36","","integration.tests.SpecialValuesTest","","integration.tests.SpecialValuesTest","infDoubleUserEngine","infDoubleUserEngine(String) [2] select '+inf'::double",""
"passed","Mon Sep 01 03:55:20 GMT 2025","Mon Sep 01 03:55:20 GMT 2025","645","","integration.tests.PreparedStatementTest","","integration.tests.PreparedStatementTest","shouldInsertAndSelectStruct","shouldInsertAndSelectStruct()",""
"passed","Mon Sep 01 03:56:53 GMT 2025","Mon Sep 01 03:56:53 GMT 2025","54","","integration.tests.SystemEngineDatabaseMetaDataTest","","integration.tests.SystemEngineDatabaseMetaDataTest","getColumns","getColumns(String, String, String, String, String, String) [12] null, information_schema, %in%, null, information_schema.engines.engine_name, information_schema.tables.table_name",""
"passed","Mon Sep 01 03:55:01 GMT 2025","Mon Sep 01 03:55:01 GMT 2025","44","","integration.tests.NumericTypesTest","","integration.tests.NumericTypesTest","shouldHaveCorrectInfo","shouldHaveCorrectInfo()",""
"passed","Mon Sep 01 03:55:38 GMT 2025","Mon Sep 01 03:56:12 GMT 2025","34039","","integration.tests.StatementCancelTest","","integration.tests.StatementCancelTest","shouldCancelQueryV2","shouldCancelQueryV2()",""
"passed","Mon Sep 01 03:53:00 GMT 2025","Mon Sep 01 03:53:01 GMT 2025","886","","integration.tests.AsyncQueryTest","","integration.tests.AsyncQueryTest","executeCancelServerSideAsyncQueryWorksOnDifferentEngines","executeCancelServerSideAsyncQueryWorksOnDifferentEngines()",""
"passed","Mon Sep 01 03:55:08 GMT 2025","Mon Sep 01 03:55:08 GMT 2025","515","","integration.tests.PreparedStatementArrayTest","","integration.tests.PreparedStatementArrayTest","nullArrays","nullArrays(PreparedStatementValueSetter) set OBJECT",""
"passed","Mon Sep 01 03:56:53 GMT 2025","Mon Sep 01 03:56:53 GMT 2025","43","","integration.tests.SystemEngineDatabaseMetaDataTest","","integration.tests.SystemEngineDatabaseMetaDataTest","getColumns","getColumns(String, String, String, String, String, String) [21] null, null, %in%, created, information_schema.engines.created, information_schema.engines.engine_name",""
"passed","Mon Sep 01 04:09:03 GMT 2025","Mon Sep 01 04:09:04 GMT 2025","1309","","integration.tests.TransactionTest","","integration.tests.TransactionTest","shouldRollbackTransactionSuccessfully","shouldRollbackTransactionSuccessfully()",""
"passed","Mon Sep 01 03:56:52 GMT 2025","Mon Sep 01 03:56:52 GMT 2025","84","","integration.tests.SystemEngineDatabaseMetaDataTest","","integration.tests.SystemEngineDatabaseMetaDataTest","getColumns","getColumns(String, String, String, String, String, String) [2] null, information_schema, null, null, information_schema.columns.column_name, null",""
"passed","Mon Sep 01 03:55:33 GMT 2025","Mon Sep 01 03:55:33 GMT 2025","459","","integration.tests.PreparedStatementTest","","integration.tests.PreparedStatementTest","shouldReplaceParamMarkers","shouldReplaceParamMarkers()",""
"passed","Mon Sep 01 03:58:10 GMT 2025","Mon Sep 01 03:58:13 GMT 2025","2760","","integration.tests.SystemEngineTest","","integration.tests.SystemEngineTest","useDatabase","useDatabase(String) [2] DATABASE",""
"passed","Mon Sep 01 04:02:45 GMT 2025","Mon Sep 01 04:08:50 GMT 2025","364305","","integration.tests.TimeoutTest","","integration.tests.TimeoutTest","shouldExecuteRequestWithoutTimeoutV2","shouldExecuteRequestWithoutTimeoutV2()",""
"passed","Mon Sep 01 03:56:20 GMT 2025","Mon Sep 01 03:56:20 GMT 2025","235","","integration.tests.StatementTest","","integration.tests.StatementTest","empty","empty(String) query:;",""
"passed","Mon Sep 01 03:54:58 GMT 2025","Mon Sep 01 03:54:58 GMT 2025","43","","integration.tests.DatabaseMetaDataTest","","integration.tests.DatabaseMetaDataTest","getTables","getTables(String, String, String, String, String, String) [8] null, public, null, null, integration_test, tables;columns;views",""
"passed","Mon Sep 01 03:54:58 GMT 2025","Mon Sep 01 03:54:58 GMT 2025","47","","integration.tests.DatabaseMetaDataTest","","integration.tests.DatabaseMetaDataTest","getTables","getTables(String, String, String, String, String, String) [6] null, null, %account%, null, accounts;service_accounts, tables;columns;views",""
"passed","Mon Sep 01 03:56:14 GMT 2025","Mon Sep 01 03:56:14 GMT 2025","308","","integration.tests.StatementTest","","integration.tests.StatementTest","setCorrectThenWrongParameterOnSystemEngine","setCorrectThenWrongParameterOnSystemEngine()",""
"passed","Mon Sep 01 03:56:51 GMT 2025","Mon Sep 01 03:56:51 GMT 2025","44","","integration.tests.SystemEngineDatabaseMetaDataTest","","integration.tests.SystemEngineDatabaseMetaDataTest","getTables","getTables(String, String, String, String, String, String) [29] {database}, %schema, %in%, VIEW, engines, tables",""
"passed","Mon Sep 01 03:56:52 GMT 2025","Mon Sep 01 03:56:52 GMT 2025","81","","integration.tests.SystemEngineDatabaseMetaDataTest","","integration.tests.SystemEngineDatabaseMetaDataTest","getColumns","getColumns(String, String, String, String, String, String) [8] {database}, information%, null, null, information_schema.columns.column_name, null",""
"passed","Mon Sep 01 04:09:17 GMT 2025","Mon Sep 01 04:09:17 GMT 2025","12","","integration.tests.client.UsageTrackingTest","","integration.tests.client.UsageTrackingTest","shouldSendRequestWithUserAgentHeaderContainingDriverAndClientInfo","shouldSendRequestWithUserAgentHeaderContainingDriverAndClientInfo()",""
"passed","Mon Sep 01 03:55:00 GMT 2025","Mon Sep 01 03:55:00 GMT 2025","565","","integration.tests.NullableValuesTest","","integration.tests.NullableValuesTest","preparedStatementUsingExplicitNulls","preparedStatementUsingExplicitNulls()",""
"passed","Mon Sep 01 03:55:37 GMT 2025","Mon Sep 01 03:55:37 GMT 2025","37","","integration.tests.SpecialValuesTest","","integration.tests.SpecialValuesTest","infDoubleUserEngine","infDoubleUserEngine(String) [1] select 'inf'::double",""
"passed","Mon Sep 01 03:55:05 GMT 2025","Mon Sep 01 03:55:05 GMT 2025","509","","integration.tests.PreparedStatementArrayTest","","integration.tests.PreparedStatementArrayTest","integerAndStringValues","integerAndStringValues(PreparedStatementValueSetter) set ARRAY",""
"passed","Mon Sep 01 03:56:51 GMT 2025","Mon Sep 01 03:56:51 GMT 2025","45","","integration.tests.SystemEngineDatabaseMetaDataTest","","integration.tests.SystemEngineDatabaseMetaDataTest","getTables","getTables(String, String, String, String, String, String) [15] null, %form%, %in%, null, engines, tables",""
"passed","Mon Sep 01 03:55:19 GMT 2025","Mon Sep 01 03:55:20 GMT 2025","287","","integration.tests.PreparedStatementFbNumericTest","","integration.tests.PreparedStatementFbNumericTest","shouldNotFailWhenParametersNotPresentAreSet","shouldNotFailWhenParametersNotPresentAreSet()",""
"passed","Mon Sep 01 03:55:06 GMT 2025","Mon Sep 01 03:55:06 GMT 2025","315","","integration.tests.PreparedStatementArrayTest","","integration.tests.PreparedStatementArrayTest","byteaArray","byteaArray()",""
"passed","Mon Sep 01 04:08:54 GMT 2025","Mon Sep 01 04:08:54 GMT 2025","77","","integration.tests.TimestampTest","","integration.tests.TimestampTest","shouldReturnTimestampFromTimestampTzWithTzWithHoursAndMinutes","shouldReturnTimestampFromTimestampTzWithTzWithHoursAndMinutes()",""
"passed","Mon Sep 01 03:55:36 GMT 2025","Mon Sep 01 03:55:36 GMT 2025","36","","integration.tests.SpecialValuesTest","","integration.tests.SpecialValuesTest","infRealSystemEngine","infRealSystemEngine(String) [1] select 'inf'::real",""
"passed","Mon Sep 01 03:55:18 GMT 2025","Mon Sep 01 03:55:18 GMT 2025","720","","integration.tests.PreparedStatementFbNumericTest","","integration.tests.PreparedStatementFbNumericTest","shouldInsertAndSelectGeography","shouldInsertAndSelectGeography()",""
"passed","Mon Sep 01 03:58:06 GMT 2025","Mon Sep 01 03:58:08 GMT 2025","1492","","integration.tests.SystemEngineTest","","integration.tests.SystemEngineTest","connectToAccountWithoutUser","connectToAccountWithoutUser()",""
"passed","Mon Sep 01 03:54:57 GMT 2025","Mon Sep 01 03:54:57 GMT 2025","71","","integration.tests.DatabaseMetaDataTest","","integration.tests.DatabaseMetaDataTest","shouldReturnColumnsFromSelect","shouldReturnColumnsFromSelect()",""
"passed","Mon Sep 01 03:55:23 GMT 2025","Mon Sep 01 03:55:24 GMT 2025","758","","integration.tests.PreparedStatementTest","","integration.tests.PreparedStatementTest","shouldParReplaceParamMarkersInMultistatementStatement","shouldParReplaceParamMarkersInMultistatementStatement()",""
"passed","Mon Sep 01 03:54:57 GMT 2025","Mon Sep 01 03:54:57 GMT 2025","45","","integration.tests.DatabaseMetaDataTest","","integration.tests.DatabaseMetaDataTest","getTables","getTables(String, String, String, String, String, String) [1] null, null, null, null, tables;views;integration_test, null",""
"passed","Mon Sep 01 04:08:53 GMT 2025","Mon Sep 01 04:08:53 GMT 2025","55","","integration.tests.TimestampTest","","integration.tests.TimestampTest","shouldGetParsedTimeStampExtTimeObjects","shouldGetParsedTimeStampExtTimeObjects()",""
"passed","Mon Sep 01 03:56:53 GMT 2025","Mon Sep 01 03:56:53 GMT 2025","41","","integration.tests.SystemEngineDatabaseMetaDataTest","","integration.tests.SystemEngineDatabaseMetaDataTest","getColumns","getColumns(String, String, String, String, String, String) [28] {database}, information%, %in%, engine_name, information_schema.engines.engine_name, information_schema.engines.description",""
"passed","Mon Sep 01 03:56:34 GMT 2025","Mon Sep 01 03:56:35 GMT 2025","321","","integration.tests.StatementTest","","integration.tests.StatementTest","shouldSelect1WithEngine","shouldSelect1WithEngine()",""
"passed","Mon Sep 01 04:09:16 GMT 2025","Mon Sep 01 04:09:17 GMT 2025","1293","","integration.tests.TransactionTest","","integration.tests.TransactionTest","shouldWorkWithPreparedStatements","shouldWorkWithPreparedStatements()",""
"passed","Mon Sep 01 03:55:28 GMT 2025","Mon Sep 01 03:55:30 GMT 2025","1466","","integration.tests.PreparedStatementTest","","integration.tests.PreparedStatementTest","shouldInsertAndSelectComplexStruct","shouldInsertAndSelectComplexStruct()",""
"passed","Mon Sep 01 03:55:07 GMT 2025","Mon Sep 01 03:55:07 GMT 2025","500","","integration.tests.PreparedStatementArrayTest","","integration.tests.PreparedStatementArrayTest","emptyIntAndStringValues","emptyIntAndStringValues(PreparedStatementValueSetter) set OBJECT",""
"passed","Mon Sep 01 03:54:35 GMT 2025","Mon Sep 01 03:54:35 GMT 2025","37","","integration.tests.ConnectionTest","","integration.tests.ConnectionTest","successfulConnect","successfulConnect(boolean, boolean) V2 using db:false engine:true",""
"passed","Mon Sep 01 03:54:46 GMT 2025","Mon Sep 01 03:54:57 GMT 2025","10550","","integration.tests.ConnectionTest","","integration.tests.ConnectionTest","successfulConnectWithoutStartingTheEngine","successfulConnectWithoutStartingTheEngine()",""
"passed","Mon Sep 01 03:55:37 GMT 2025","Mon Sep 01 03:55:37 GMT 2025","35","","integration.tests.SpecialValuesTest","","integration.tests.SpecialValuesTest","nanFloatAsDoubleUserEngine","nanFloatAsDoubleUserEngine(String) [3] select '-nan'::float",""
"passed","Mon Sep 01 03:52:53 GMT 2025","Mon Sep 01 03:53:00 GMT 2025","6662","","integration.tests.AsyncQueryTest","","integration.tests.AsyncQueryTest","executeServerSideAsyncTestFetchStatusWorksOnDifferentEngines","executeServerSideAsyncTestFetchStatusWorksOnDifferentEngines()",""
"passed","Mon Sep 01 03:55:13 GMT 2025","Mon Sep 01 03:55:15 GMT 2025","1525","","integration.tests.PreparedStatementFbNumericTest","","integration.tests.PreparedStatementFbNumericTest","shouldInsertAndSelectComplexStruct","shouldInsertAndSelectComplexStruct()",""
"passed","Mon Sep 01 03:55:30 GMT 2025","Mon Sep 01 03:55:30 GMT 2025","474","","integration.tests.PreparedStatementTest","","integration.tests.PreparedStatementTest","shouldInsertRecordsUsingDifferentNumericTypes","shouldInsertRecordsUsingDifferentNumericTypes(String, CheckedVoidTriFunction, CheckedBiFunction) byte",""
"passed","Mon Sep 01 03:56:54 GMT 2025","Mon Sep 01 03:56:55 GMT 2025","1026","","integration.tests.SystemEngineDatabaseMetaDataTest","","integration.tests.SystemEngineDatabaseMetaDataTest","getCatalogs","getCatalogs()",""
"passed","Mon Sep 01 04:09:20 GMT 2025","Mon Sep 01 04:09:22 GMT 2025","2044","","integration.tests.datatype.BooleanTest","","integration.tests.datatype.BooleanTest","canUsePreparedStatementsToInsertTrueValueInBooleanColumn","canUsePreparedStatementsToInsertTrueValueInBooleanColumn()",""
"passed","Mon Sep 01 03:56:50 GMT 2025","Mon Sep 01 03:56:50 GMT 2025","42","","integration.tests.SystemEngineDatabaseMetaDataTest","","integration.tests.SystemEngineDatabaseMetaDataTest","getSchemasInformationSchema","getSchemasInformationSchema(String, String, String) [11] wrong_catalog, null, null",""
"passed","Mon Sep 01 04:08:54 GMT 2025","Mon Sep 01 04:08:54 GMT 2025","75","","integration.tests.TimestampTest","","integration.tests.TimestampTest","shouldReturnTimestampFromDateWhenUsingTime_zoneSetting","shouldReturnTimestampFromDateWhenUsingTime_zoneSetting()",""
"passed","Mon Sep 01 03:55:38 GMT 2025","Mon Sep 01 03:55:38 GMT 2025","39","","integration.tests.SpecialValuesTest","","integration.tests.SpecialValuesTest","infDoubleSystemEngine","infDoubleSystemEngine(String) [2] select '+inf'::double",""
"passed","Mon Sep 01 03:56:51 GMT 2025","Mon Sep 01 03:56:51 GMT 2025","43","","integration.tests.SystemEngineDatabaseMetaDataTest","","integration.tests.SystemEngineDatabaseMetaDataTest","getTables","getTables(String, String, String, String, String, String) [18] {database}, information%, %in%, null, engines, tables",""
"passed","Mon Sep 01 03:56:21 GMT 2025","Mon Sep 01 03:56:21 GMT 2025","257","","integration.tests.StatementTest","","integration.tests.StatementTest","empty","empty(String) query:-- SELECT 1;",""
"passed","Mon Sep 01 03:55:37 GMT 2025","Mon Sep 01 03:55:37 GMT 2025","37","","integration.tests.SpecialValuesTest","","integration.tests.SpecialValuesTest","nanRealUserEngine","nanRealUserEngine(String) [2] select '+nan'::real",""
"passed","Mon Sep 01 03:55:36 GMT 2025","Mon Sep 01 03:55:37 GMT 2025","35","","integration.tests.SpecialValuesTest","","integration.tests.SpecialValuesTest","nanDoubleUserEngine","nanDoubleUserEngine(String) [3] select '-nan'::double",""
"passed","Mon Sep 01 03:56:19 GMT 2025","Mon Sep 01 03:56:20 GMT 2025","272","","integration.tests.StatementTest","","integration.tests.StatementTest","failedSettingPropertyThatRequiresAdvancedModeThatWasNotSet","failedSettingPropertyThatRequiresAdvancedModeThatWasNotSet()",""
"passed","Mon Sep 01 03:55:33 GMT 2025","Mon Sep 01 03:55:34 GMT 2025","706","","integration.tests.PreparedStatementTest","","integration.tests.PreparedStatementTest","shouldInsertAndSelectGeography","shouldInsertAndSelectGeography()",""
"passed","Mon Sep 01 03:55:37 GMT 2025","Mon Sep 01 03:55:37 GMT 2025","36","","integration.tests.SpecialValuesTest","","integration.tests.SpecialValuesTest","infFloatAsDoubleUserEngine","infFloatAsDoubleUserEngine(String) [2] select '+inf'::float",""
"passed","Mon Sep 01 03:52:45 GMT 2025","Mon Sep 01 03:52:51 GMT 2025","5771","","integration.tests.AsyncQueryTest","","integration.tests.AsyncQueryTest","executeServerSideAsyncTest","executeServerSideAsyncTest()",""
"passed","Mon Sep 01 03:52:51 GMT 2025","Mon Sep 01 03:52:53 GMT 2025","1757","","integration.tests.AsyncQueryTest","","integration.tests.AsyncQueryTest","executeCancelServerSideAsyncQueryAfterQueryHasFinishedTest","executeCancelServerSideAsyncQueryAfterQueryHasFinishedTest()",""
"passed","Mon Sep 01 03:56:36 GMT 2025","Mon Sep 01 03:56:46 GMT 2025","10327","","integration.tests.StatementTest","","integration.tests.StatementTest","willUseRandomQueryLabelIfNoneExplicitlySet","willUseRandomQueryLabelIfNoneExplicitlySet()",""
"passed","Mon Sep 01 03:56:50 GMT 2025","Mon Sep 01 03:56:50 GMT 2025","43","","integration.tests.SystemEngineDatabaseMetaDataTest","","integration.tests.SystemEngineDatabaseMetaDataTest","getTables","getTables(String, String, String, String, String, String) [2] null, information_schema, null, null, tables, null",""
"passed","Mon Sep 01 03:56:13 GMT 2025","Mon Sep 01 03:56:13 GMT 2025","305","","integration.tests.StatementTest","","integration.tests.StatementTest","setCorrectThenWrongParameterOnUserEngine","setCorrectThenWrongParameterOnUserEngine()",""
"passed","Mon Sep 01 03:56:51 GMT 2025","Mon Sep 01 03:56:51 GMT 2025","44","","integration.tests.SystemEngineDatabaseMetaDataTest","","integration.tests.SystemEngineDatabaseMetaDataTest","getTables","getTables(String, String, String, String, String, String) [28] {database}, information%, %in%, VIEW, engines, tables",""
"passed","Mon Sep 01 03:54:59 GMT 2025","Mon Sep 01 03:54:59 GMT 2025","3","","integration.tests.MissingDataTest","","integration.tests.MissingDataTest","missingAccount","missingAccount()",""
"passed","Mon Sep 01 03:55:28 GMT 2025","Mon Sep 01 03:55:28 GMT 2025","650","","integration.tests.PreparedStatementTest","","integration.tests.PreparedStatementTest","shouldInsertAndSelectStreams","shouldInsertAndSelectStreams()",""
"passed","Mon Sep 01 03:54:35 GMT 2025","Mon Sep 01 03:54:35 GMT 2025","41","","integration.tests.ConnectionTest","","integration.tests.ConnectionTest","successfulConnect","successfulConnect(boolean, boolean) V2 using db:true engine:true",""
"passed","Mon Sep 01 03:58:08 GMT 2025","Mon Sep 01 03:58:10 GMT 2025","2363","","integration.tests.SystemEngineTest","","integration.tests.SystemEngineTest","useDatabase","useDatabase(String) [1] ",""
"passed","Mon Sep 01 03:56:53 GMT 2025","Mon Sep 01 03:56:53 GMT 2025","54","","integration.tests.SystemEngineDatabaseMetaDataTest","","integration.tests.SystemEngineDatabaseMetaDataTest","getColumns","getColumns(String, String, String, String, String, String) [15] null, %form%, %in%, null, information_schema.engines.engine_name, information_schema.tables.table_name",""
"passed","Mon Sep 01 03:56:46 GMT 2025","Mon Sep 01 03:56:47 GMT 2025","310","","integration.tests.StatementTest","","integration.tests.StatementTest","shouldReuseStatementWhenNotCloseOnCompletion","shouldReuseStatementWhenNotCloseOnCompletion()",""
"passed","Mon Sep 01 03:54:32 GMT 2025","Mon Sep 01 03:54:32 GMT 2025","436","","integration.tests.ConnectionTest","","integration.tests.ConnectionTest","connectToNotExistingDbV2","connectToNotExistingDbV2(EngineType) CUSTOM_ENGINE",""
"passed","Mon Sep 01 03:56:19 GMT 2025","Mon Sep 01 03:56:19 GMT 2025","263","","integration.tests.StatementTest","","integration.tests.StatementTest","setWrongParameterOnSystemEngineForV2","setWrongParameterOnSystemEngineForV2(String, String, String) [1] set foo=bar, query param not allowed: foo, 0",""
"passed","Mon Sep 01 03:56:13 GMT 2025","Mon Sep 01 03:56:14 GMT 2025","272","","integration.tests.StatementTest","","integration.tests.StatementTest","successfulSettingOfPropertyThatRequiresAdvancedModeConfiguredWhenConnectionIsCreated","successfulSettingOfPropertyThatRequiresAdvancedModeConfiguredWhenConnectionIsCreated()",""
"passed","Mon Sep 01 03:55:11 GMT 2025","Mon Sep 01 03:55:12 GMT 2025","832","","integration.tests.PreparedStatementFbNumericTest","","integration.tests.PreparedStatementFbNumericTest","shouldInsertAndRetrieveUrl","shouldInsertAndRetrieveUrl()",""
"passed","Mon Sep 01 03:56:15 GMT 2025","Mon Sep 01 03:56:16 GMT 2025","329","","integration.tests.StatementTest","","integration.tests.StatementTest","caseInsensitiveGetter","caseInsensitiveGetter()",""
"passed","Mon Sep 01 03:55:31 GMT 2025","Mon Sep 01 03:55:31 GMT 2025","483","","integration.tests.PreparedStatementTest","","integration.tests.PreparedStatementTest","shouldInsertRecordsUsingDifferentNumericTypes","shouldInsertRecordsUsingDifferentNumericTypes(String, CheckedVoidTriFunction, CheckedBiFunction) int",""
"passed","Mon Sep 01 03:55:34 GMT 2025","Mon Sep 01 03:55:34 GMT 2025","682","","integration.tests.PreparedStatementTest","","integration.tests.PreparedStatementTest","shouldInsertRecordsInBatch","shouldInsertRecordsInBatch()",""
"passed","Mon Sep 01 03:56:51 GMT 2025","Mon Sep 01 03:56:51 GMT 2025","43","","integration.tests.SystemEngineDatabaseMetaDataTest","","integration.tests.SystemEngineDatabaseMetaDataTest","getTables","getTables(String, String, String, String, String, String) [11] null, null, %in%, null, engines, tables",""
"passed","Mon Sep 01 03:55:09 GMT 2025","Mon Sep 01 03:55:10 GMT 2025","919","","integration.tests.PreparedStatementFbNumericTest","","integration.tests.PreparedStatementFbNumericTest","shouldInsertAndSelectStruct","shouldInsertAndSelectStruct()",""
"passed","Mon Sep 01 04:08:53 GMT 2025","Mon Sep 01 04:08:53 GMT 2025","37","","integration.tests.TimestampTest","","integration.tests.TimestampTest","shouldGetTimeObjectsInDefaultUTCTimezone","shouldGetTimeObjectsInDefaultUTCTimezone()",""
"passed","Mon Sep 01 03:56:52 GMT 2025","Mon Sep 01 03:56:52 GMT 2025","85","","integration.tests.SystemEngineDatabaseMetaDataTest","","integration.tests.SystemEngineDatabaseMetaDataTest","getColumns","getColumns(String, String, String, String, String, String) [9] {database}, %schema, null, null, information_schema.columns.column_name, null",""
"passed","Mon Sep 01 04:08:56 GMT 2025","Mon Sep 01 04:08:57 GMT 2025","961","","integration.tests.TransactionTest","","integration.tests.TransactionTest","shouldNotStartTransactionIfAutoCommitIsTrue","shouldNotStartTransactionIfAutoCommitIsTrue()",""
"passed","Mon Sep 01 03:55:25 GMT 2025","Mon Sep 01 03:55:25 GMT 2025","332","","integration.tests.PreparedStatementTest","","integration.tests.PreparedStatementTest","shouldFetchSpecialCharacters","shouldFetchSpecialCharacters()",""
"passed","Mon Sep 01 03:56:50 GMT 2025","Mon Sep 01 03:56:50 GMT 2025","45","","integration.tests.SystemEngineDatabaseMetaDataTest","","integration.tests.SystemEngineDatabaseMetaDataTest","getSchemasInformationSchema","getSchemasInformationSchema(String, String, String) [4] null, %schema, information_schema",""
"passed","Mon Sep 01 03:55:16 GMT 2025","Mon Sep 01 03:55:17 GMT 2025","501","","integration.tests.PreparedStatementFbNumericTest","","integration.tests.PreparedStatementFbNumericTest","shouldInsertRecordsUsingDifferentNumericTypes","shouldInsertRecordsUsingDifferentNumericTypes(String, CheckedVoidTriFunction, CheckedBiFunction) int",""
"passed","Mon Sep 01 03:54:02 GMT 2025","Mon Sep 01 03:54:03 GMT 2025","991","","integration.tests.CachedConnectionTest","","integration.tests.CachedConnectionTest","canDetectFileCacheCreationTime","canDetectFileCacheCreationTime()",""
"passed","Mon Sep 01 03:56:51 GMT 2025","Mon Sep 01 03:56:51 GMT 2025","45","","integration.tests.SystemEngineDatabaseMetaDataTest","","integration.tests.SystemEngineDatabaseMetaDataTest","getTables","getTables(String, String, String, String, String, String) [12] null, information_schema, %in%, null, engines, tables",""
"passed","Mon Sep 01 03:54:58 GMT 2025","Mon Sep 01 03:54:58 GMT 2025","44","","integration.tests.DatabaseMetaDataTest","","integration.tests.DatabaseMetaDataTest","getTables","getTables(String, String, String, String, String, String) [7] null, null, %test, null, integration_test, tables;columns;views",""
"passed","Mon Sep 01 03:55:37 GMT 2025","Mon Sep 01 03:55:37 GMT 2025","36","","integration.tests.SpecialValuesTest","","integration.tests.SpecialValuesTest","infFloatAsDoubleUserEngine","infFloatAsDoubleUserEngine(String) [1] select 'inf'::float",""
"passed","Mon Sep 01 03:56:48 GMT 2025","Mon Sep 01 03:56:48 GMT 2025","298","","integration.tests.StatementTest","","integration.tests.StatementTest","shouldNotCloseStatementWithCloseOnCompletionIfItHasMoreResults","shouldNotCloseStatementWithCloseOnCompletionIfItHasMoreResults()",""
"passed","Mon Sep 01 03:55:37 GMT 2025","Mon Sep 01 03:55:37 GMT 2025","44","","integration.tests.SpecialValuesTest","","integration.tests.SpecialValuesTest","minusInfFloatAsDoubleSystemEngine","minusInfFloatAsDoubleSystemEngine(String) [1] select '-inf'::float",""
"passed","Mon Sep 01 03:55:36 GMT 2025","Mon Sep 01 03:55:36 GMT 2025","36","","integration.tests.SpecialValuesTest","","integration.tests.SpecialValuesTest","nanDoubleUserEngine","nanDoubleUserEngine(String) [1] select 'nan'::double",""
"passed","Mon Sep 01 03:56:18 GMT 2025","Mon Sep 01 03:56:18 GMT 2025","297","","integration.tests.StatementTest","","integration.tests.StatementTest","maxFieldSize","maxFieldSize(int) [4] 50",""
"passed","Mon Sep 01 03:56:52 GMT 2025","Mon Sep 01 03:56:52 GMT 2025","105","","integration.tests.SystemEngineDatabaseMetaDataTest","","integration.tests.SystemEngineDatabaseMetaDataTest","getColumns","getColumns(String, String, String, String, String, String) [1] null, null, null, null, information_schema.columns.column_name, null",""
"passed","Mon Sep 01 03:56:21 GMT 2025","Mon Sep 01 03:56:22 GMT 2025","301","","integration.tests.StatementTest","","integration.tests.StatementTest","shouldGetBooleans","shouldGetBooleans()",""
"passed","Mon Sep 01 03:56:50 GMT 2025","Mon Sep 01 03:56:50 GMT 2025","44","","integration.tests.SystemEngineDatabaseMetaDataTest","","integration.tests.SystemEngineDatabaseMetaDataTest","getSchemasInformationSchema","getSchemasInformationSchema(String, String, String) [5] null, %form%, information_schema",""
"passed","Mon Sep 01 03:55:18 GMT 2025","Mon Sep 01 03:55:19 GMT 2025","680","","integration.tests.PreparedStatementFbNumericTest","","integration.tests.PreparedStatementFbNumericTest","shouldInsertRecordsInBatch","shouldInsertRecordsInBatch()",""
"passed","Mon Sep 01 03:56:53 GMT 2025","Mon Sep 01 03:56:53 GMT 2025","39","","integration.tests.SystemEngineDatabaseMetaDataTest","","integration.tests.SystemEngineDatabaseMetaDataTest","getColumns","getColumns(String, String, String, String, String, String) [24] null, %schema, %in%, table_name, information_schema.indexes.table_name, information_schema.indexes.table_type",""
"passed","Mon Sep 01 03:55:34 GMT 2025","Mon Sep 01 03:55:35 GMT 2025","700","","integration.tests.PreparedStatementTest","","integration.tests.PreparedStatementTest","shouldInsertAndSelectBlobClob","shouldInsertAndSelectBlobClob()",""
"passed","Mon Sep 01 03:55:15 GMT 2025","Mon Sep 01 03:55:16 GMT 2025","514","","integration.tests.PreparedStatementFbNumericTest","","integration.tests.PreparedStatementFbNumericTest","shouldInsertRecordsUsingDifferentNumericTypes","shouldInsertRecordsUsingDifferentNumericTypes(String, CheckedVoidTriFunction, CheckedBiFunction) byte",""
"passed","Mon Sep 01 04:00:35 GMT 2025","Mon Sep 01 04:01:44 GMT 2025","68501","","integration.tests.SystemEngineTest","","integration.tests.SystemEngineTest","useEngineMixedCaseToLowerCase","useEngineMixedCaseToLowerCase()",""
"passed","Mon Sep 01 03:56:21 GMT 2025","Mon Sep 01 03:56:21 GMT 2025","268","","integration.tests.StatementTest","","integration.tests.StatementTest","empty","empty(String) query:/* {""app"": ""dbt"", ""dbt_version"": ""0.20.0"", ""profile_name"": ""jaffle_shop"", ""target_name"": ""fb_app"", ""connection_name"": ""macro_stage_external_sources""} */;",""
"passed","Mon Sep 01 03:56:18 GMT 2025","Mon Sep 01 03:56:18 GMT 2025","287","","integration.tests.StatementTest","","integration.tests.StatementTest","maxFieldSize","maxFieldSize(int) [3] 5",""
"passed","Mon Sep 01 03:55:23 GMT 2025","Mon Sep 01 03:55:23 GMT 2025","279","","integration.tests.PreparedStatementTest","","integration.tests.PreparedStatementTest","shouldFetchBoolean","shouldFetchBoolean()",""
"passed","Mon Sep 01 04:09:00 GMT 2025","Mon Sep 01 04:09:02 GMT 2025","1798","","integration.tests.TransactionTest","","integration.tests.TransactionTest","shouldNotCommitTransactionWhenCommitWasManuallyExecuted","shouldNotCommitTransactionWhenCommitWasManuallyExecuted()",""
"passed","Mon Sep 01 03:56:50 GMT 2025","Mon Sep 01 03:56:50 GMT 2025","45","","integration.tests.SystemEngineDatabaseMetaDataTest","","integration.tests.SystemEngineDatabaseMetaDataTest","getTables","getTables(String, String, String, String, String, String) [6] {database}, null, null, null, tables, null",""
"passed","Mon Sep 01 03:56:50 GMT 2025","Mon Sep 01 03:56:50 GMT 2025","45","","integration.tests.SystemEngineDatabaseMetaDataTest","","integration.tests.SystemEngineDatabaseMetaDataTest","getTables","getTables(String, String, String, String, String, String) [4] null, %schema, null, null, tables, null",""
"passed","Mon Sep 01 03:56:50 GMT 2025","Mon Sep 01 03:56:50 GMT 2025","44","","integration.tests.SystemEngineDatabaseMetaDataTest","","integration.tests.SystemEngineDatabaseMetaDataTest","getSchemasInformationSchema","getSchemasInformationSchema(String, String, String) [9] {database}, %schema, information_schema",""
"passed","Mon Sep 01 03:55:22 GMT 2025","Mon Sep 01 03:55:23 GMT 2025","500","","integration.tests.PreparedStatementTest","","integration.tests.PreparedStatementTest","shouldInsertAndSelectDateTime","shouldInsertAndSelectDateTime()",""
"passed","Mon Sep 01 03:56:54 GMT 2025","Mon Sep 01 03:56:54 GMT 2025","41","","integration.tests.SystemEngineDatabaseMetaDataTest","","integration.tests.SystemEngineDatabaseMetaDataTest","getColumns","getColumns(String, String, String, String, String, String) [33] null, null, null, does-not-exist, null, information_schema.columns.column_name",""
"passed","Mon Sep 01 03:55:36 GMT 2025","Mon Sep 01 03:55:36 GMT 2025","35","","integration.tests.SpecialValuesTest","","integration.tests.SpecialValuesTest","nanDoubleUserEngine","nanDoubleUserEngine(String) [2] select '+nan'::double",""
"passed","Mon Sep 01 03:56:50 GMT 2025","Mon Sep 01 03:56:50 GMT 2025","40","","integration.tests.SystemEngineDatabaseMetaDataTest","","integration.tests.SystemEngineDatabaseMetaDataTest","getSchemasInformationSchema","getSchemasInformationSchema(String, String, String) [6] {database}, null, information_schema",""
"passed","Mon Sep 01 04:08:57 GMT 2025","Mon Sep 01 04:08:57 GMT 2025","553","","integration.tests.TransactionTest","","integration.tests.TransactionTest","shouldThrowExceptionWhenStartingTransactionDuringTransaction","shouldThrowExceptionWhenStartingTransactionDuringTransaction()",""
"passed","Mon Sep 01 03:56:54 GMT 2025","Mon Sep 01 03:56:54 GMT 2025","42","","integration.tests.SystemEngineDatabaseMetaDataTest","","integration.tests.SystemEngineDatabaseMetaDataTest","getColumns","getColumns(String, String, String, String, String, String) [31] null, null, null, nobody, null, information_schema.columns.column_name",""
"passed","Mon Sep 01 03:54:57 GMT 2025","Mon Sep 01 03:54:57 GMT 2025","47","","integration.tests.DatabaseMetaDataTest","","integration.tests.DatabaseMetaDataTest","getTables","getTables(String, String, String, String, String, String) [3] null, null, null, VIEW;TABLE, integration_test;tables;views, null",""
"passed","Mon Sep 01 03:56:17 GMT 2025","Mon Sep 01 03:56:17 GMT 2025","292","","integration.tests.StatementTest","","integration.tests.StatementTest","maxFieldSize","maxFieldSize(int) [1] 1",""
"passed","Mon Sep 01 03:54:58 GMT 2025","Mon Sep 01 03:54:58 GMT 2025","43","","integration.tests.DatabaseMetaDataTest","","integration.tests.DatabaseMetaDataTest","getTables","getTables(String, String, String, String, String, String) [11] null, public, null, TABLE;VIEW, integration_test, tables;columns;views",""
"passed","Mon Sep 01 03:55:36 GMT 2025","Mon Sep 01 03:55:36 GMT 2025","36","","integration.tests.SpecialValuesTest","","integration.tests.SpecialValuesTest","infRealSystemEngine","infRealSystemEngine(String) [2] select '+inf'::real",""
"passed","Mon Sep 01 03:55:01 GMT 2025","Mon Sep 01 03:55:01 GMT 2025","67","","integration.tests.NumericTypesTest","","integration.tests.NumericTypesTest","shouldHandleLargeDecimals","shouldHandleLargeDecimals()",""
"passed","Mon Sep 01 03:55:01 GMT 2025","Mon Sep 01 03:55:02 GMT 2025","577","","integration.tests.PreparedStatementArrayTest","","integration.tests.PreparedStatementArrayTest","intAndStringValues","intAndStringValues(PreparedStatementValueSetter) set ARRAY",""
"passed","Mon Sep 01 03:56:17 GMT 2025","Mon Sep 01 03:56:17 GMT 2025","259","","integration.tests.StatementTest","","integration.tests.StatementTest","shouldThrowExceptionWhenTryingToExecuteQueryThatWouldReturnMultipleResultSets","shouldThrowExceptionWhenTryingToExecuteQueryThatWouldReturnMultipleResultSets()",""
"passed","Mon Sep 01 03:56:52 GMT 2025","Mon Sep 01 03:56:52 GMT 2025","42","","integration.tests.SystemEngineDatabaseMetaDataTest","","integration.tests.SystemEngineDatabaseMetaDataTest","getTables","getTables(String, String, String, String, String, String) [34] wrong_catalog, %form%, %in%, VIEW, null, engines",""
"passed","Mon Sep 01 04:09:10 GMT 2025","Mon Sep 01 04:09:12 GMT 2025","1142","","integration.tests.TransactionTest","","integration.tests.TransactionTest","shouldCommitTransactionWhenSwitchingToAutoCommit","shouldCommitTransactionWhenSwitchingToAutoCommit()",""
"passed","Mon Sep 01 04:09:20 GMT 2025","Mon Sep 01 04:09:20 GMT 2025","605","","integration.tests.datatype.BooleanTest","","integration.tests.datatype.BooleanTest","willFailToSetTheBooleanValue","willFailToSetTheBooleanValue()",""
"passed","Mon Sep 01 03:55:38 GMT 2025","Mon Sep 01 03:55:38 GMT 2025","45","","integration.tests.SpecialValuesTest","","integration.tests.SpecialValuesTest","infDoubleSystemEngine","infDoubleSystemEngine(String) [1] select 'inf'::double",""
"passed","Mon Sep 01 03:56:51 GMT 2025","Mon Sep 01 03:56:51 GMT 2025","43","","integration.tests.SystemEngineDatabaseMetaDataTest","","integration.tests.SystemEngineDatabaseMetaDataTest","getTables","getTables(String, String, String, String, String, String) [19] {database}, %schema, %in%, null, engines, tables",""
"passed","Mon Sep 01 03:56:14 GMT 2025","Mon Sep 01 03:56:15 GMT 2025","751","","integration.tests.StatementTest","","integration.tests.StatementTest","shouldReturnLimitedNumberOfLines","shouldReturnLimitedNumberOfLines()",""
"passed","Mon Sep 01 04:08:54 GMT 2025","Mon Sep 01 04:08:54 GMT 2025","74","","integration.tests.TimestampTest","","integration.tests.TimestampTest","shouldReturnTimestampFromTimestampTzWithTzWithHoursAndMinutesWhenUsingTime_ZoneSettings","shouldReturnTimestampFromTimestampTzWithTzWithHoursAndMinutesWhenUsingTime_ZoneSettings()",""
"passed","Mon Sep 01 03:55:37 GMT 2025","Mon Sep 01 03:55:37 GMT 2025","38","","integration.tests.SpecialValuesTest","","integration.tests.SpecialValuesTest","nanFloatAsDoubleSystemEngine","nanFloatAsDoubleSystemEngine(String) [3] select '-nan'::float",""
"passed","Mon Sep 01 03:56:53 GMT 2025","Mon Sep 01 03:56:53 GMT 2025","42","","integration.tests.SystemEngineDatabaseMetaDataTest","","integration.tests.SystemEngineDatabaseMetaDataTest","getColumns","getColumns(String, String, String, String, String, String) [26] {database}, null, %in%, table_catalog, information_schema.indexes.table_catalog, information_schema.indexes.table_schema",""
"passed","Mon Sep 01 03:56:53 GMT 2025","Mon Sep 01 03:56:53 GMT 2025","54","","integration.tests.SystemEngineDatabaseMetaDataTest","","integration.tests.SystemEngineDatabaseMetaDataTest","getColumns","getColumns(String, String, String, String, String, String) [19] {database}, %schema, %in%, null, information_schema.engines.engine_name, information_schema.tables.table_name",""
"passed","Mon Sep 01 03:56:51 GMT 2025","Mon Sep 01 03:56:52 GMT 2025","42","","integration.tests.SystemEngineDatabaseMetaDataTest","","integration.tests.SystemEngineDatabaseMetaDataTest","getTables","getTables(String, String, String, String, String, String) [30] {database}, %form%, %in%, VIEW, engines, tables",""
"passed","Mon Sep 01 03:54:59 GMT 2025","Mon Sep 01 03:55:00 GMT 2025","580","","integration.tests.NullableValuesTest","","integration.tests.NullableValuesTest","preparedStatementUsingStringValueContainsStringNull","preparedStatementUsingStringValueContainsStringNull()",""
"passed","Mon Sep 01 03:56:53 GMT 2025","Mon Sep 01 03:56:53 GMT 2025","53","","integration.tests.SystemEngineDatabaseMetaDataTest","","integration.tests.SystemEngineDatabaseMetaDataTest","getColumns","getColumns(String, String, String, String, String, String) [18] {database}, information%, %in%, null, information_schema.engines.engine_name, information_schema.tables.table_name",""
"passed","Mon Sep 01 03:55:31 GMT 2025","Mon Sep 01 03:55:32 GMT 2025","442","","integration.tests.PreparedStatementTest","","integration.tests.PreparedStatementTest","shouldInsertRecordsUsingDifferentNumericTypes","shouldInsertRecordsUsingDifferentNumericTypes(String, CheckedVoidTriFunction, CheckedBiFunction) long",""
"passed","Mon Sep 01 03:56:51 GMT 2025","Mon Sep 01 03:56:51 GMT 2025","44","","integration.tests.SystemEngineDatabaseMetaDataTest","","integration.tests.SystemEngineDatabaseMetaDataTest","getTables","getTables(String, String, String, String, String, String) [20] {database}, %form%, %in%, null, engines, tables",""
"passed","Mon Sep 01 04:09:10 GMT 2025","Mon Sep 01 04:09:10 GMT 2025","276","","integration.tests.TransactionTest","","integration.tests.TransactionTest","shouldThrowExceptionWhenCommitingWithNoTransaction","shouldThrowExceptionWhenCommitingWithNoTransaction()",""
"passed","Mon Sep 01 04:08:57 GMT 2025","Mon Sep 01 04:09:00 GMT 2025","2232","","integration.tests.TransactionTest","","integration.tests.TransactionTest","shouldHandleSequentialTransactions","shouldHandleSequentialTransactions()",""
"passed","Mon Sep 01 03:56:19 GMT 2025","Mon Sep 01 03:56:19 GMT 2025","264","","integration.tests.StatementTest","","integration.tests.StatementTest","setWrongParameterOnSystemEngineForV2","setWrongParameterOnSystemEngineForV2(String, String, String) [2] set foo=bar, Unknown setting foo, 1",""
"passed","Mon Sep 01 03:55:37 GMT 2025","Mon Sep 01 03:55:37 GMT 2025","38","","integration.tests.SpecialValuesTest","","integration.tests.SpecialValuesTest","nanRealSystemEngine","nanRealSystemEngine(String) [3] select '-nan'::real",""
"passed","Mon Sep 01 03:56:51 GMT 2025","Mon Sep 01 03:56:51 GMT 2025","44","","integration.tests.SystemEngineDatabaseMetaDataTest","","integration.tests.SystemEngineDatabaseMetaDataTest","getTables","getTables(String, String, String, String, String, String) [9] {database}, %schema, null, null, tables, null",""
"passed","Mon Sep 01 03:54:35 GMT 2025","Mon Sep 01 03:54:35 GMT 2025","36","","integration.tests.ConnectionTest","","integration.tests.ConnectionTest","successfulConnect","successfulConnect(boolean, boolean) V2 using db:true engine:false",""
"passed","Mon Sep 01 03:56:22 GMT 2025","Mon Sep 01 03:56:22 GMT 2025","311","","integration.tests.StatementTest","","integration.tests.StatementTest","shouldGetMultipleResultSets","shouldGetMultipleResultSets()",""
"passed","Mon Sep 01 03:56:52 GMT 2025","Mon Sep 01 03:56:52 GMT 2025","80","","integration.tests.SystemEngineDatabaseMetaDataTest","","integration.tests.SystemEngineDatabaseMetaDataTest","getColumns","getColumns(String, String, String, String, String, String) [6] {database}, null, null, null, information_schema.columns.column_name, null",""
"passed","Mon Sep 01 03:56:35 GMT 2025","Mon Sep 01 03:56:35 GMT 2025","554","","integration.tests.StatementTest","","integration.tests.StatementTest","mixedCaseSelect","mixedCaseSelect(String, String) [1] select 1 as lower, 2 as UPPER, 3 AS MiXeD, lower,upper,mixed",""
"passed","Mon Sep 01 03:55:37 GMT 2025","Mon Sep 01 03:55:37 GMT 2025","40","","integration.tests.SpecialValuesTest","","integration.tests.SpecialValuesTest","nanRealSystemEngine","nanRealSystemEngine(String) [1] select 'nan'::real",""
"passed","Mon Sep 01 03:56:49 GMT 2025","Mon Sep 01 03:56:49 GMT 2025","63","","integration.tests.SystemEngineDatabaseMetaDataTest","","integration.tests.SystemEngineDatabaseMetaDataTest","getSchemas","getSchemas()",""
"passed","Mon Sep 01 03:54:58 GMT 2025","Mon Sep 01 03:54:58 GMT 2025","43","","integration.tests.DatabaseMetaDataTest","","integration.tests.DatabaseMetaDataTest","getTables","getTables(String, String, String, String, String, String) [14] null, information_schema, null, TABLE;VIEW, tables;columns, integration_test",""
"passed","Mon Sep 01 03:55:03 GMT 2025","Mon Sep 01 03:55:03 GMT 2025","564","","integration.tests.PreparedStatementArrayTest","","integration.tests.PreparedStatementArrayTest","emptyIntegerAndStringValues","emptyIntegerAndStringValues(PreparedStatementValueSetter) set ARRAY",""
"passed","Mon Sep 01 03:55:03 GMT 2025","Mon Sep 01 03:55:04 GMT 2025","484","","integration.tests.PreparedStatementArrayTest","","integration.tests.PreparedStatementArrayTest","emptyIntegerAndStringValues","emptyIntegerAndStringValues(PreparedStatementValueSetter) set OBJECT",""
"passed","Mon Sep 01 03:56:50 GMT 2025","Mon Sep 01 03:56:50 GMT 2025","42","","integration.tests.SystemEngineDatabaseMetaDataTest","","integration.tests.SystemEngineDatabaseMetaDataTest","getTables","getTables(String, String, String, String, String, String) [7] {database}, information_schema, null, null, tables, null",""
"passed","Mon Sep 01 04:08:53 GMT 2025","Mon Sep 01 04:08:53 GMT 2025","81","","integration.tests.TimestampTest","","integration.tests.TimestampTest","shouldReturnTimestampFromDate","shouldReturnTimestampFromDate()",""
"passed","Mon Sep 01 03:56:46 GMT 2025","Mon Sep 01 03:56:46 GMT 2025","293","","integration.tests.StatementTest","","integration.tests.StatementTest","failingQuery","failingQuery(String) [1] SELECT CONVERT(varchar, 3.14)",""
"passed","Mon Sep 01 03:56:16 GMT 2025","Mon Sep 01 03:56:17 GMT 2025","262","","integration.tests.StatementTest","","integration.tests.StatementTest","shouldReturnTrueWhenExecutingAStatementThatReturnsAResultSet","shouldReturnTrueWhenExecutingAStatementThatReturnsAResultSet()",""
"passed","Mon Sep 01 03:56:52 GMT 2025","Mon Sep 01 03:56:52 GMT 2025","46","","integration.tests.SystemEngineDatabaseMetaDataTest","","integration.tests.SystemEngineDatabaseMetaDataTest","getTables","getTables(String, String, String, String, String, String) [32] null, null, %in%, VIEW;TABLE, engines, tables",""
"passed","Mon Sep 01 03:56:51 GMT 2025","Mon Sep 01 03:56:51 GMT 2025","43","","integration.tests.SystemEngineDatabaseMetaDataTest","","integration.tests.SystemEngineDatabaseMetaDataTest","getTables","getTables(String, String, String, String, String, String) [25] null, %form%, %in%, VIEW, engines, tables",""
"passed","Mon Sep 01 03:56:51 GMT 2025","Mon Sep 01 03:56:51 GMT 2025","45","","integration.tests.SystemEngineDatabaseMetaDataTest","","integration.tests.SystemEngineDatabaseMetaDataTest","getTables","getTables(String, String, String, String, String, String) [21] null, null, %in%, VIEW, engines, tables",""
"passed","Mon Sep 01 03:56:14 GMT 2025","Mon Sep 01 03:56:14 GMT 2025","273","","integration.tests.StatementTest","","integration.tests.StatementTest","shouldReturnTrueWhenExecutingMultiStatementWithFirstStatementReturningAResultSet","shouldReturnTrueWhenExecutingMultiStatementWithFirstStatementReturningAResultSet()",""
"passed","Mon Sep 01 03:54:58 GMT 2025","Mon Sep 01 03:54:59 GMT 2025","693","","integration.tests.ExceptionTypeTest","","integration.tests.ExceptionTypeTest","shouldThrowRequestBodyTooLargeExceptionForLargeData","shouldThrowRequestBodyTooLargeExceptionForLargeData()",""
"passed","Mon Sep 01 03:54:57 GMT 2025","Mon Sep 01 03:54:57 GMT 2025","48","","integration.tests.DatabaseMetaDataTest","","integration.tests.DatabaseMetaDataTest","getTables","getTables(String, String, String, String, String, String) [2] null, null, null, TABLE;VIEW, tables;views;integration_test, null",""
"passed","Mon Sep 01 04:08:54 GMT 2025","Mon Sep 01 04:08:56 GMT 2025","1487","","integration.tests.TimestampTest","","integration.tests.TimestampTest","shouldCompareAllTimeStampsWithMultipleThreads","shouldCompareAllTimeStampsWithMultipleThreads()",""
"passed","Mon Sep 01 03:55:05 GMT 2025","Mon Sep 01 03:55:06 GMT 2025","531","","integration.tests.PreparedStatementArrayTest","","integration.tests.PreparedStatementArrayTest","integerAndStringValues","integerAndStringValues(PreparedStatementValueSetter) set OBJECT",""
"passed","Mon Sep 01 03:55:26 GMT 2025","Mon Sep 01 03:55:27 GMT 2025","526","","integration.tests.PreparedStatementTest","","integration.tests.PreparedStatementTest","shouldFetchTimestampAndDate","shouldFetchTimestampAndDate(Object, Object, boolean) [2] 2019-07-31 11:15:13.0, 2019-07-31, true",""
"passed","Mon Sep 01 03:55:35 GMT 2025","Mon Sep 01 03:55:36 GMT 2025","525","","integration.tests.PreparedStatementTest","","integration.tests.PreparedStatementTest","shouldFetchTimestampWithTimezone","shouldFetchTimestampWithTimezone()",""
"passed","Mon Sep 01 03:56:53 GMT 2025","Mon Sep 01 03:56:53 GMT 2025","54","","integration.tests.SystemEngineDatabaseMetaDataTest","","integration.tests.SystemEngineDatabaseMetaDataTest","getColumns","getColumns(String, String, String, String, String, String) [17] {database}, information_schema, %in%, null, information_schema.engines.engine_name, information_schema.tables.table_name",""
"skipped","Mon Sep 01 03:54:35 GMT 2025","Mon Sep 01 03:54:35 GMT 2025","0","","integration.tests.ConnectionTest","","integration.tests.ConnectionTest","connectToWrongDbNotAttachedToEngine","connectToWrongDbNotAttachedToEngine()",""
"passed","Mon Sep 01 03:55:36 GMT 2025","Mon Sep 01 03:55:36 GMT 2025","38","","integration.tests.SpecialValuesTest","","integration.tests.SpecialValuesTest","infFloatAsDoubleSystemEngine","infFloatAsDoubleSystemEngine(String) [2] select '+inf'::float",""
"passed","Mon Sep 01 03:55:17 GMT 2025","Mon Sep 01 03:55:18 GMT 2025","616","","integration.tests.PreparedStatementFbNumericTest","","integration.tests.PreparedStatementFbNumericTest","shouldReplaceParamMarkers","shouldReplaceParamMarkers()",""
"passed","Mon Sep 01 04:09:00 GMT 2025","Mon Sep 01 04:09:00 GMT 2025","238","","integration.tests.TransactionTest","","integration.tests.TransactionTest","shouldThrowExceptionWhenRollbackWithNoTransaction","shouldThrowExceptionWhenRollbackWithNoTransaction()",""
"passed","Mon Sep 01 04:09:17 GMT 2025","Mon Sep 01 04:09:17 GMT 2025","6","","integration.tests.client.RetryPolicyTest","","integration.tests.client.RetryPolicyTest","shouldRetryOn502","shouldRetryOn502()",""
"passed","Mon Sep 01 03:56:51 GMT 2025","Mon Sep 01 03:56:51 GMT 2025","42","","integration.tests.SystemEngineDatabaseMetaDataTest","","integration.tests.SystemEngineDatabaseMetaDataTest","getTables","getTables(String, String, String, String, String, String) [17] {database}, information_schema, %in%, null, engines, tables",""
"passed","Mon Sep 01 03:56:18 GMT 2025","Mon Sep 01 03:56:19 GMT 2025","334","","integration.tests.StatementTest","","integration.tests.StatementTest","cannotChangeToDatabaseThatDoesNotExist","cannotChangeToDatabaseThatDoesNotExist()",""
"passed","Mon Sep 01 04:08:54 GMT 2025","Mon Sep 01 04:08:54 GMT 2025","76","","integration.tests.TimestampTest","","integration.tests.TimestampTest","shouldReturnTimestampFromTimestampTzWithTzWithHoursAndMinutesAndSeconds","shouldReturnTimestampFromTimestampTzWithTzWithHoursAndMinutesAndSeconds()",""
"passed","Mon Sep 01 03:56:51 GMT 2025","Mon Sep 01 03:56:51 GMT 2025","46","","integration.tests.SystemEngineDatabaseMetaDataTest","","integration.tests.SystemEngineDatabaseMetaDataTest","getTables","getTables(String, String, String, String, String, String) [22] null, information_schema, %in%, VIEW, engines, tables",""
"passed","Mon Sep 01 03:56:12 GMT 2025","Mon Sep 01 03:56:12 GMT 2025","325","","integration.tests.StatementTest","","integration.tests.StatementTest","unlimitedMaxFieldSize","unlimitedMaxFieldSize(int) [2] -1",""
"passed","Mon Sep 01 03:55:37 GMT 2025","Mon Sep 01 03:55:37 GMT 2025","37","","integration.tests.SpecialValuesTest","","integration.tests.SpecialValuesTest","nanFloatAsDoubleSystemEngine","nanFloatAsDoubleSystemEngine(String) [1] select 'nan'::float",""
"passed","Mon Sep 01 04:09:12 GMT 2025","Mon Sep 01 04:09:14 GMT 2025","2141","","integration.tests.TransactionTest","","integration.tests.TransactionTest","shouldCommitTableCreationAndDataInsertion","shouldCommitTableCreationAndDataInsertion()",""
"passed","Mon Sep 01 03:56:52 GMT 2025","Mon Sep 01 03:56:52 GMT 2025","42","","integration.tests.SystemEngineDatabaseMetaDataTest","","integration.tests.SystemEngineDatabaseMetaDataTest","getTables","getTables(String, String, String, String, String, String) [31] null, null, null, VIEW;TABLE, engines, null",""
"passed","Mon Sep 01 03:56:50 GMT 2025","Mon Sep 01 03:56:51 GMT 2025","44","","integration.tests.SystemEngineDatabaseMetaDataTest","","integration.tests.SystemEngineDatabaseMetaDataTest","getTables","getTables(String, String, String, String, String, String) [8] {database}, information%, null, null, tables, null",""
"passed","Mon Sep 01 04:08:54 GMT 2025","Mon Sep 01 04:08:54 GMT 2025","75","","integration.tests.TimestampTest","","integration.tests.TimestampTest","shouldReturnTimestampFromTimestampTzWithTzWithHoursAndMinutesAndSecondsWhenUsingTime_ZoneSetting","shouldReturnTimestampFromTimestampTzWithTzWithHoursAndMinutesAndSecondsWhenUsingTime_ZoneSetting()",""
"passed","Mon Sep 01 03:55:01 GMT 2025","Mon Sep 01 03:55:01 GMT 2025","704","","integration.tests.NullableValuesTest","","integration.tests.NullableValuesTest","preparedStatementUsingDefaultNulls","preparedStatementUsingDefaultNulls()",""
"passed","Mon Sep 01 03:54:57 GMT 2025","Mon Sep 01 03:54:57 GMT 2025","52","","integration.tests.DatabaseMetaDataTest","","integration.tests.DatabaseMetaDataTest","shouldReturnTable","shouldReturnTable()",""
"passed","Mon Sep 01 03:56:53 GMT 2025","Mon Sep 01 03:56:53 GMT 2025","54","","integration.tests.SystemEngineDatabaseMetaDataTest","","integration.tests.SystemEngineDatabaseMetaDataTest","getColumns","getColumns(String, String, String, String, String, String) [16] {database}, null, %in%, null, information_schema.engines.engine_name, information_schema.tables.table_name",""
"passed","Mon Sep 01 03:55:00 GMT 2025","Mon Sep 01 03:55:01 GMT 2025","431","","integration.tests.NullableValuesTest","","integration.tests.NullableValuesTest","preparedStatementUsingExplicitTypedNulls","preparedStatementUsingExplicitTypedNulls()",""
"passed","Mon Sep 01 03:56:50 GMT 2025","Mon Sep 01 03:56:50 GMT 2025","40","","integration.tests.SystemEngineDatabaseMetaDataTest","","integration.tests.SystemEngineDatabaseMetaDataTest","getSchemasInformationSchema","getSchemasInformationSchema(String, String, String) [12] wrong_catalog, %form%, null",""
"passed","Mon Sep 01 03:56:52 GMT 2025","Mon Sep 01 03:56:52 GMT 2025","81","","integration.tests.SystemEngineDatabaseMetaDataTest","","integration.tests.SystemEngineDatabaseMetaDataTest","getColumns","getColumns(String, String, String, String, String, String) [7] {database}, information_schema, null, null, information_schema.columns.column_name, null",""
"passed","Mon Sep 01 04:09:07 GMT 2025","Mon Sep 01 04:09:08 GMT 2025","1466","","integration.tests.TransactionTest","","integration.tests.TransactionTest","shouldNotCommitOnSetStatement","shouldNotCommitOnSetStatement()",""
"passed","Mon Sep 01 03:55:30 GMT 2025","Mon Sep 01 03:55:31 GMT 2025","484","","integration.tests.PreparedStatementTest","","integration.tests.PreparedStatementTest","shouldInsertRecordsUsingDifferentNumericTypes","shouldInsertRecordsUsingDifferentNumericTypes(String, CheckedVoidTriFunction, CheckedBiFunction) short",""
"passed","Mon Sep 01 04:08:53 GMT 2025","Mon Sep 01 04:08:53 GMT 2025","43","","integration.tests.TimestampTest","","integration.tests.TimestampTest","shouldRemoveOffsetDIffWhenTimestampOffsetHasChangedCET","shouldRemoveOffsetDIffWhenTimestampOffsetHasChangedCET()",""
"passed","Mon Sep 01 03:55:02 GMT 2025","Mon Sep 01 03:55:03 GMT 2025","527","","integration.tests.PreparedStatementArrayTest","","integration.tests.PreparedStatementArrayTest","intAndStringValues","intAndStringValues(PreparedStatementValueSetter) set OBJECT",""
"passed","Mon Sep 01 03:55:06 GMT 2025","Mon Sep 01 03:55:07 GMT 2025","556","","integration.tests.PreparedStatementArrayTest","","integration.tests.PreparedStatementArrayTest","emptyIntAndStringValues","emptyIntAndStringValues(PreparedStatementValueSetter) set ARRAY",""
"passed","Mon Sep 01 03:56:50 GMT 2025","Mon Sep 01 03:56:50 GMT 2025","43","","integration.tests.SystemEngineDatabaseMetaDataTest","","integration.tests.SystemEngineDatabaseMetaDataTest","getTables","getTables(String, String, String, String, String, String) [3] null, information%, null, null, tables, null",""
"passed","Mon Sep 01 03:56:22 GMT 2025","Mon Sep 01 03:56:24 GMT 2025","2033","","integration.tests.StatementTest","","integration.tests.StatementTest","shouldExecuteBatch","shouldExecuteBatch()",""
"passed","Mon Sep 01 03:55:10 GMT 2025","Mon Sep 01 03:55:11 GMT 2025","732","","integration.tests.PreparedStatementFbNumericTest","","integration.tests.PreparedStatementFbNumericTest","shouldReplaceParamMarkersInMultistatementStatement","shouldReplaceParamMarkersInMultistatementStatement()",""
"passed","Mon Sep 01 03:56:13 GMT 2025","Mon Sep 01 03:56:13 GMT 2025","282","","integration.tests.StatementTest","","integration.tests.StatementTest","shouldThrowExceptionWhenTryingToReuseStatementClosedOnCompletion","shouldThrowExceptionWhenTryingToReuseStatementClosedOnCompletion()",""
"passed","Mon Sep 01 03:56:19 GMT 2025","Mon Sep 01 03:56:19 GMT 2025","297","","integration.tests.StatementTest","","integration.tests.StatementTest","setWrongParameterOnUserEngineForV2","setWrongParameterOnUserEngineForV2()",""
"passed","Mon Sep 01 03:56:53 GMT 2025","Mon Sep 01 03:56:53 GMT 2025","53","","integration.tests.SystemEngineDatabaseMetaDataTest","","integration.tests.SystemEngineDatabaseMetaDataTest","getColumns","getColumns(String, String, String, String, String, String) [20] {database}, %form%, %in%, null, information_schema.engines.engine_name, information_schema.tables.table_name",""
"passed","Mon Sep 01 03:55:04 GMT 2025","Mon Sep 01 03:55:05 GMT 2025","533","","integration.tests.PreparedStatementArrayTest","","integration.tests.PreparedStatementArrayTest","integerAndStringWithNullValues","integerAndStringWithNullValues(PreparedStatementValueSetter) set OBJECT",""
"passed","Mon Sep 01 03:56:51 GMT 2025","Mon Sep 01 03:56:51 GMT 2025","44","","integration.tests.SystemEngineDatabaseMetaDataTest","","integration.tests.SystemEngineDatabaseMetaDataTest","getTables","getTables(String, String, String, String, String, String) [24] null, %schema, %in%, VIEW, engines, tables",""
"passed","Mon Sep 01 03:58:13 GMT 2025","Mon Sep 01 04:00:35 GMT 2025","141631","","integration.tests.SystemEngineTest","","integration.tests.SystemEngineTest","useEngine","useEngine()",""
"passed","Mon Sep 01 03:54:58 GMT 2025","Mon Sep 01 03:54:58 GMT 2025","45","","integration.tests.DatabaseMetaDataTest","","integration.tests.DatabaseMetaDataTest","getTables","getTables(String, String, String, String, String, String) [10] null, public, null, TABLE, integration_test, tables;columns;views",""
"passed","Mon Sep 01 03:54:35 GMT 2025","Mon Sep 01 03:54:35 GMT 2025","52","","integration.tests.ConnectionTest","","integration.tests.ConnectionTest","successfulConnect","successfulConnect(boolean, boolean) V2 using db:false engine:false",""
"passed","Mon Sep 01 03:55:27 GMT 2025","Mon Sep 01 03:55:28 GMT 2025","536","","integration.tests.PreparedStatementTest","","integration.tests.PreparedStatementTest","shouldFetchTimestampAndDate","shouldFetchTimestampAndDate(Object, Object, boolean) [4] 2019-07-31 11:15:13.0, 2019-07-31, false",""
"passed","Mon Sep 01 03:58:08 GMT 2025","Mon Sep 01 03:58:08 GMT 2025","104","","integration.tests.SystemEngineTest","","integration.tests.SystemEngineTest","shouldThrowExceptionWhenExecutingWrongQueryWithJsonError","shouldThrowExceptionWhenExecutingWrongQueryWithJsonError()",""
"passed","Mon Sep 01 03:56:48 GMT 2025","Mon Sep 01 03:56:49 GMT 2025","270","","integration.tests.StatementTest","","integration.tests.StatementTest","shouldSelect1","shouldSelect1()",""
"passed","Mon Sep 01 03:56:50 GMT 2025","Mon Sep 01 03:56:50 GMT 2025","42","","integration.tests.SystemEngineDatabaseMetaDataTest","","integration.tests.SystemEngineDatabaseMetaDataTest","getSchemasInformationSchema","getSchemasInformationSchema(String, String, String) [3] null, information%, information_schema",""
"passed","Mon Sep 01 03:54:35 GMT 2025","Mon Sep 01 03:54:46 GMT 2025","10869","","integration.tests.ConnectionTest","","integration.tests.ConnectionTest","preparedStatementBatchesWorkIfMergeParameterProvided","preparedStatementBatchesWorkIfMergeParameterProvided()",""
"passed","Mon Sep 01 03:54:32 GMT 2025","Mon Sep 01 03:54:32 GMT 2025","94","","integration.tests.ConnectionTest","","integration.tests.ConnectionTest","connectToNotExistingDbV2","connectToNotExistingDbV2(EngineType) SYSTEM_ENGINE",""
"passed","Mon Sep 01 03:56:16 GMT 2025","Mon Sep 01 03:56:16 GMT 2025","318","","integration.tests.StatementTest","","integration.tests.StatementTest","successfulSettingOfPropertyThatRequiresAdvancedModePreviouslySetAtRuntime","successfulSettingOfPropertyThatRequiresAdvancedModePreviouslySetAtRuntime()",""
"passed","Mon Sep 01 03:56:14 GMT 2025","Mon Sep 01 03:56:14 GMT 2025","342","","integration.tests.StatementTest","","integration.tests.StatementTest","shouldThrowExceptionWhenExecutingWrongQueryWithJsonError","shouldThrowExceptionWhenExecutingWrongQueryWithJsonError()",""
"passed","Mon Sep 01 03:56:52 GMT 2025","Mon Sep 01 03:56:52 GMT 2025","42","","integration.tests.SystemEngineDatabaseMetaDataTest","","integration.tests.SystemEngineDatabaseMetaDataTest","getTables","getTables(String, String, String, String, String, String) [33] null, null, null, TABLE, null, null",""
"passed","Mon Sep 01 03:56:51 GMT 2025","Mon Sep 01 03:56:51 GMT 2025","44","","integration.tests.SystemEngineDatabaseMetaDataTest","","integration.tests.SystemEngineDatabaseMetaDataTest","getTables","getTables(String, String, String, String, String, String) [27] {database}, information_schema, %in%, VIEW, engines, tables",""
"passed","Mon Sep 01 03:56:12 GMT 2025","Mon Sep 01 03:56:13 GMT 2025","349","","integration.tests.StatementTest","","integration.tests.StatementTest","unlimitedMaxFieldSize","unlimitedMaxFieldSize(int) [3] 100",""
"passed","Mon Sep 01 03:55:13 GMT 2025","Mon Sep 01 03:55:13 GMT 2025","311","","integration.tests.PreparedStatementFbNumericTest","","integration.tests.PreparedStatementFbNumericTest","shouldFetchSpecialCharacters","shouldFetchSpecialCharacters()",""
"passed","Mon Sep 01 03:55:10 GMT 2025","Mon Sep 01 03:55:10 GMT 2025","461","","integration.tests.PreparedStatementFbNumericTest","","integration.tests.PreparedStatementFbNumericTest","shouldFailSQLInjectionAttempt","shouldFailSQLInjectionAttempt()",""
"passed","Mon Sep 01 03:56:20 GMT 2025","Mon Sep 01 03:56:20 GMT 2025","301","","integration.tests.StatementTest","","integration.tests.StatementTest","shouldSelect1WithQueryTimeout","shouldSelect1WithQueryTimeout()",""
"passed","Mon Sep 01 03:56:51 GMT 2025","Mon Sep 01 03:56:51 GMT 2025","45","","integration.tests.SystemEngineDatabaseMetaDataTest","","integration.tests.SystemEngineDatabaseMetaDataTest","getTables","getTables(String, String, String, String, String, String) [13] null, information%, %in%, null, engines, tables",""
"passed","Mon Sep 01 03:55:37 GMT 2025","Mon Sep 01 03:55:37 GMT 2025","37","","integration.tests.SpecialValuesTest","","integration.tests.SpecialValuesTest","nanRealUserEngine","nanRealUserEngine(String) [1] select 'nan'::real",""
"passed","Mon Sep 01 03:55:24 GMT 2025","Mon Sep 01 03:55:25 GMT 2025","1506","","integration.tests.PreparedStatementTest","","integration.tests.PreparedStatementTest","shouldFailAllPreparedStatementsFromBatchIfOneFails","shouldFailAllPreparedStatementsFromBatchIfOneFails()",""
"passed","Mon Sep 01 03:55:13 GMT 2025","Mon Sep 01 03:55:13 GMT 2025","304","","integration.tests.PreparedStatementFbNumericTest","","integration.tests.PreparedStatementFbNumericTest","shouldFailWhenParameterNotProvided","shouldFailWhenParameterNotProvided()",""
"passed","Mon Sep 01 03:55:13 GMT 2025","Mon Sep 01 03:55:13 GMT 2025","297","","integration.tests.PreparedStatementFbNumericTest","","integration.tests.PreparedStatementFbNumericTest","shouldResetTheParameterIndex","shouldResetTheParameterIndex()",""
"passed","Mon Sep 01 03:56:54 GMT 2025","Mon Sep 01 03:56:54 GMT 2025","41","","integration.tests.SystemEngineDatabaseMetaDataTest","","integration.tests.SystemEngineDatabaseMetaDataTest","getColumns","getColumns(String, String, String, String, String, String) [30] {database}, %form%, %in%, type, information_schema.engines.type, information_schema.engines.status",""
"passed","Mon Sep 01 04:01:44 GMT 2025","Mon Sep 01 04:01:45 GMT 2025","857","","integration.tests.SystemEngineTest","","integration.tests.SystemEngineTest","shouldFailToSelectFromCustomDbUsingSystemEngine","shouldFailToSelectFromCustomDbUsingSystemEngine()",""
"passed","Mon Sep 01 03:55:04 GMT 2025","Mon Sep 01 03:55:04 GMT 2025","514","","integration.tests.PreparedStatementArrayTest","","integration.tests.PreparedStatementArrayTest","integerAndStringWithNullValues","integerAndStringWithNullValues(PreparedStatementValueSetter) set ARRAY",""
"passed","Mon Sep 01 03:55:37 GMT 2025","Mon Sep 01 03:55:37 GMT 2025","44","","integration.tests.SpecialValuesTest","","integration.tests.SpecialValuesTest","nanDoubleSystemEngine","nanDoubleSystemEngine(String) [2] select '+nan'::double",""
